16.926949
15.997095
20.275643
19.396656
16.561793
17.163278
20.694973
16.751959
17.006130
15.417669
17.581671
16.913470
12.872202
16.868288
19.313505
19.620526
17.856613
21.599578
20.304590
14.909566
17.626386
20.999089
18.430446
19.848870
20.815804
20.032202
20.628777
19.408516
20.455577
18.839006
15.808035
18.474981
18.178165
18.120949
24.154536
13.003027
15.668807
17.360830
15.085898
20.138444
17.482231
20.262033
19.573046
20.545563
21.238119
24.790738
20.908125
19.527946
18.783066
19.185255
21.574415
16.956885
17.478081
22.355639
19.944265
18.496391
20.720880
21.491972
14.763785
21.847421
18.158256
20.620002
18.831092
18.463742
21.949244
20.162761
17.608457
21.459216
21.844477
17.308806
14.656006
13.703345
16.093955
16.941996
19.360948
15.386691
16.735827
19.933908
12.240095
13.206952
14.099854
16.313644
15.860137
