16.798044
17.040571
17.033250
15.147796
13.712154
12.748850
15.036316
12.714304
12.452866
13.848496
17.037863
12.929652
15.733630
12.717424
12.816409
14.971699
18.252322
12.811933
12.995845
12.352521
13.600405
12.862812
18.399550
15.101272
15.072858
14.835468
12.495599
12.780218
13.751020
14.077660
16.336975
14.655063
14.880172
17.374384
13.528570
13.068871
12.370719
12.514291
13.358790
12.541503
13.217087
12.082610
18.636859
12.784087
12.488242
12.918816
12.644412
12.840895
16.354085
19.145417
11.880588
14.406787
12.659385
14.159402
12.308252
12.860983
12.702406
13.991256
20.054007
13.255713
13.707542
13.113223
13.814034
12.438803
17.853107
14.628690
12.085225
11.462476
11.309443
11.181619
12.150936
11.561427
15.539182
15.298937
11.628091
11.023623
15.521441
19.539447
12.483374
10.253752
