17.937205
14.564899
16.100491
18.943770
15.557522
16.773202
15.251079
19.461683
17.450047
15.640702
23.687413
21.436990
16.340034
19.326365
16.035033
17.759759
17.211843
19.703192
14.543581
17.783075
13.360010
22.849981
15.678856
16.742612
19.927370
15.280939
21.505072
18.699651
13.369223
17.481998
18.873473
19.008195
22.875103
20.428730
21.351278
15.892110
14.766393
16.701335
14.477204
20.813542
15.808248
19.142103
20.891947
15.914172
17.274764
14.346180
19.760351
13.725175
17.614267
16.943376
17.555348
16.733068
19.115271
16.073070
17.548754
20.696669
16.605015
17.393703
15.340142
21.074781
17.223140
18.862866
13.043687
17.172632
17.213464
14.640264
16.163307
16.955002
12.914667
16.143587
14.739899
12.513757
16.561494
19.256927
16.955236
17.624924
13.000668
17.704602
14.251141
