18.070553
20.936337
17.662032
21.562347
16.400281
17.459651
18.335363
17.974811
14.752500
18.444146
22.265488
16.486265
25.741286
22.501122
16.885164
16.144303
15.638590
14.178593
21.577696
17.088496
16.944795
14.550651
14.344076
25.609541
20.232773
16.363982
15.694895
14.046695
14.877693
16.126024
13.792286
18.983417
23.199663
13.244885
22.384376
20.754443
17.444341
16.711395
17.119353
17.174845
13.824693
23.314552
18.298670
14.673457
14.698656
15.907260
20.968310
16.040013
20.615260
16.452568
16.200797
17.031768
14.046408
19.361906
19.468827
18.625160
18.874392
17.586828
18.328894
19.021520
18.272411
26.736549
17.611336
16.191575
16.834855
14.267154
15.530171
15.739882
17.979001
13.784577
15.334785
16.050938
21.053029
15.183185
16.515823
12.684490
14.740567
14.510961
14.436764
14.403934
