13.002268
15.034064
13.169091
12.642475
16.058022
14.238811
17.688456
15.839013
12.091140
12.374717
16.348751
13.685896
17.691123
12.572543
14.778967
12.610157
12.409046
15.798132
13.507054
13.782003
18.389451
14.406569
13.013176
14.429569
16.076259
12.621129
12.093033
12.997206
12.964735
14.629584
13.338521
13.869076
15.659097
15.891336
12.244990
12.252939
16.677523
13.614269
14.064597
18.893567
13.691294
14.043729
12.592970
13.715147
12.905496
14.866678
14.286361
14.002630
13.375930
14.263593
12.573348
12.366279
14.269996
12.432864
13.511076
12.695450
15.419648
16.039217
16.906371
13.419175
12.998878
12.609714
13.592775
15.424154
14.379733
17.947520
11.702069
12.473668
11.111227
12.292199
12.882563
11.960279
10.499289
10.653737
18.687511
9.833854
10.474518
13.284493
10.012444
11.262176
11.431374
