18.697578
18.475634
17.379704
18.399598
16.576472
20.030731
14.092953
16.251456
21.007695
18.880743
16.566380
20.688928
18.067521
17.928452
16.975864
17.068556
22.019912
21.862372
18.364994
15.204341
16.769709
13.986492
22.836495
19.094888
20.310070
18.483807
14.967361
16.754355
19.066348
17.499375
18.724648
22.868309
18.940266
18.429102
18.745034
18.665674
18.739574
24.041586
13.689251
17.444679
24.696829
21.517632
23.450352
19.361789
22.876506
20.487543
24.663991
23.721659
18.168328
18.634874
19.507249
17.283306
15.752815
18.604157
16.662025
18.383720
22.126405
19.745443
20.793933
17.367520
17.467840
17.556163
21.118347
16.605290
20.707370
14.852455
16.694806
20.930415
20.266911
18.409594
16.390622
19.474179
16.900985
11.538030
18.986194
17.012131
19.641183
13.284094
