18.124385
17.501029
18.209894
16.808688
18.818638
14.089139
20.261497
14.519022
22.783350
21.066612
15.766234
17.142923
18.430629
18.148295
16.950835
16.760298
20.396290
21.536155
17.981221
39.342368
16.587303
17.552749
21.351375
23.456911
16.558175
16.228636
16.262521
16.110961
17.427260
17.947761
18.714984
21.516225
19.018789
18.017401
18.756160
18.233112
17.773617
20.950669
21.302491
19.274278
14.632123
17.571620
16.407041
18.448534
20.543909
19.500686
15.511084
17.662694
15.911975
16.593212
18.436544
16.571210
17.759772
19.841770
18.659839
17.581004
27.543051
41.335885
16.470959
17.212700
19.463058
13.271548
18.898994
21.923172
19.097088
14.731751
14.767222
28.865171
16.243878
15.055519
15.202941
15.548791
13.112996
13.546803
14.986229
13.581889
16.604938
16.282768
13.150794
13.795513
18.314452
