16.621960
17.980142
16.324123
14.927784
17.573926
18.227193
22.860320
16.153415
16.995985
17.339086
17.575084
14.287688
21.087841
20.098701
17.694603
20.708764
18.358050
18.777680
17.389642
16.687744
17.099754
18.169174
16.965795
18.113563
22.947742
14.305578
21.053019
18.678955
18.429051
22.104954
17.499920
19.494874
15.475207
19.968632
19.431848
16.556588
18.892884
21.578905
25.640231
18.445143
16.498033
16.911824
19.767962
17.063423
19.937572
15.486423
16.634471
17.479195
20.559060
15.746962
19.182796
17.310285
20.473663
18.610266
17.322634
19.639598
23.948309
18.533382
19.754157
15.556924
16.006955
20.944276
21.394803
18.935818
16.675877
14.969886
20.476509
16.510261
16.175826
15.113662
19.015519
16.447741
13.471453
12.095886
15.791148
12.940310
15.171565
17.485649
