13.861495
13.161729
12.880696
14.368821
13.113293
16.643259
17.102982
15.211651
13.655392
15.102914
13.550809
16.955584
17.062146
13.671661
16.342865
13.692744
13.070790
13.708156
13.417608
15.272696
17.483311
16.950874
14.959797
12.784637
13.716488
16.313763
12.692695
14.902555
13.104323
13.602222
13.670658
13.264164
13.164286
13.481193
13.554923
13.234098
13.813828
13.340001
13.130390
16.497316
13.142685
13.628411
14.611736
13.054886
17.119405
13.199596
14.841762
17.480064
13.884985
12.950575
13.064117
15.047900
16.219110
14.348058
13.207864
13.373789
16.549653
15.477035
12.954857
13.323107
13.177774
13.443481
17.925435
12.363778
14.797353
12.262297
16.622996
11.541339
12.240397
11.162806
11.135018
12.819903
14.708628
11.534841
12.676702
10.508950
10.751677
10.746711
