15.138413
14.628382
16.504116
13.090258
13.770757
16.144953
15.602035
15.525168
17.198630
14.766464
16.773301
18.288436
14.860060
15.613449
17.481354
15.245073
13.640375
15.297620
14.768895
15.802569
15.200061
14.522227
15.339463
15.700244
13.049397
16.667923
13.652372
25.457957
15.464119
20.077056
18.064370
17.905881
13.906411
13.499970
20.334254
14.828096
15.251402
14.233545
14.081233
16.991161
16.246439
13.200451
14.094199
14.641322
14.971485
14.187694
14.481925
14.512353
14.149889
15.787812
13.284908
13.340304
19.443206
14.007400
16.322943
20.802895
13.739564
17.186495
14.508319
13.892292
15.629773
15.443838
15.229277
18.411524
17.116961
14.155939
13.566677
14.477028
16.052678
11.274474
16.822037
14.828310
11.877209
13.657494
12.750863
13.074707
19.231958
10.818625
12.168990
