18.828485
15.262558
19.350441
12.443310
13.078745
13.362551
16.211865
19.349440
19.539699
19.296845
16.355331
18.300121
16.324462
17.999358
14.145775
22.170551
23.012665
17.529693
18.915882
17.791000
17.942136
21.657821
17.794449
17.649519
17.477829
17.122153
16.667882
17.050540
16.151498
17.371812
19.732751
19.527641
14.802773
18.025031
18.841921
17.684474
18.361493
16.403843
19.516866
19.164686
16.640685
19.820240
16.542596
17.849809
19.083034
16.140423
23.218698
16.455532
15.731406
18.697616
17.848948
16.792465
20.322370
18.040517
16.264292
16.534636
17.619264
17.147127
18.075199
19.183552
22.670062
19.036939
19.203363
16.054446
20.152976
20.958310
22.177335
30.743890
17.669485
16.258430
17.733633
15.303671
18.140164
21.499825
17.927341
19.815221
17.097858
22.537150
16.213240
20.877776
19.812129
15.075798
14.336306
18.105623
18.222306
18.144365
20.091438
17.970866
18.463997
15.504067
18.088105
18.113827
16.192420
17.452904
16.427925
16.111075
14.498164
19.418578
19.520114
17.355959
19.636233
18.635150
15.778598
21.650963
16.909646
16.720485
21.773214
16.749075
20.655633
17.262147
16.108349
16.012218
19.101467
17.934943
21.557881
21.846901
15.897260
18.677681
19.222609
17.437648
21.700159
17.304561
21.150198
17.740436
16.590930
19.065096
12.577370
15.893853
18.629355
17.291077
13.829518
18.413581
17.583202
16.529499
16.234787
15.256539
14.739142
21.391551
18.673469
14.766519
16.091810
15.360409
20.133938
21.692658
20.753581
17.865982
21.567223
18.966336
14.519134
13.959353
17.801183
13.172920
16.198822
15.522782
16.221130
14.334598
16.307121
13.183731
15.279001
21.104254
22.088495
