19.911580
16.287924
15.729509
17.181641
14.786439
14.619504
17.333052
18.602512
16.808355
14.096049
19.284185
15.226265
18.311216
13.497196
14.584767
12.513761
14.550011
21.171236
17.377656
14.770318
20.080755
16.259694
15.712898
12.871757
16.160808
18.878645
15.642298
17.775251
16.056887
16.488074
17.714071
12.934367
18.011116
17.792075
16.799778
18.099710
18.170009
21.352024
12.582112
12.292276
16.093325
19.037373
16.549740
14.725166
16.466404
16.703278
19.671338
16.045218
16.861351
18.280061
21.355725
15.195557
18.523002
14.244102
17.843525
19.627563
15.728937
16.265938
15.028203
15.988538
16.711980
16.171944
18.515378
14.705866
15.928843
16.351651
16.026134
18.085030
18.277317
14.964209
17.051832
17.133255
16.133210
16.888365
18.522636
15.165655
16.851078
19.413877
17.492438
21.571933
17.438459
17.816488
20.671468
21.516726
17.234670
17.564920
18.368896
18.011054
15.612792
15.527777
17.343400
21.321613
21.921219
18.706641
22.383318
18.685385
21.478765
20.612668
16.557944
17.466659
15.863828
19.406362
16.641874
23.821686
18.373709
16.379298
17.978583
13.927628
24.653006
17.826718
15.686322
19.566478
17.903378
20.481919
16.333000
17.471180
18.682496
19.986040
16.523469
16.007347
19.762162
16.671712
16.514374
15.168755
17.619745
17.100029
17.475519
15.686632
13.905653
16.141661
17.683828
16.130557
15.729868
19.378501
14.802182
18.144012
12.790886
14.195068
16.995176
14.936156
15.105049
21.358462
18.125279
15.435226
11.602421
18.401941
16.823196
12.091525
14.448897
17.483369
16.894295
20.406385
20.012098
13.465155
15.014656
12.979270
11.036500
13.143601
14.030847
17.244433
16.121772
17.680499
14.809857
12.085893
20.699238
