14.000367
12.616856
14.530826
13.645567
16.653421
12.632955
12.662026
12.438227
14.747225
21.139403
13.359084
12.727298
13.314586
15.405410
11.921065
12.496751
12.723579
12.750465
14.090839
13.715595
12.352823
12.173183
12.474841
13.407073
23.710132
17.581465
13.024471
14.790629
12.919830
16.800478
12.919489
13.524119
15.380916
13.358681
12.637485
12.354509
13.890777
16.381746
12.686833
16.996412
18.595024
16.783497
12.925163
18.604327
14.561184
12.516259
12.549589
14.438183
16.761863
13.892098
16.730730
14.580330
12.444656
13.151117
12.430252
19.006779
12.977151
12.735668
20.019787
16.066659
14.282005
12.671035
12.914213
14.309512
15.317272
15.789524
14.971673
19.536488
13.532885
12.959152
13.385603
17.338059
12.948276
14.588990
12.704823
13.876210
13.197632
16.683700
14.112137
12.542760
17.960393
14.409255
12.513925
14.810040
17.109075
15.895612
17.197051
16.393412
15.588240
18.412157
15.485104
12.468758
12.844684
13.434481
13.952046
17.400987
16.302543
15.279056
15.931688
14.822736
12.280389
12.293437
13.942210
12.422287
12.731465
15.546232
13.639909
12.528809
19.975564
13.491296
13.357858
15.723548
14.835981
15.858886
17.617442
16.211832
14.968132
22.749388
20.250835
15.132019
12.676359
14.544181
15.542578
12.389423
15.072963
17.737036
20.186659
14.201147
15.324801
13.677528
11.868033
13.817066
15.818584
16.923541
11.277207
14.286807
12.649653
10.935589
11.666736
14.020137
12.067495
12.023780
16.055595
12.715022
13.360151
10.187830
11.278924
15.953371
14.808611
11.218226
12.490150
13.300626
12.199077
12.984198
10.020670
13.021186
9.916105
13.359866
12.240400
