20.177639
17.789522
18.610371
19.733727
18.869690
20.014140
18.232366
16.064045
21.574425
17.455372
23.311568
22.174079
16.160896
18.720264
18.979491
16.082036
19.391702
19.291781
22.027903
21.377847
22.580752
22.984360
18.437810
21.702520
18.693984
27.377867
18.811496
22.855261
15.848281
16.880673
18.368128
19.439560
16.295435
16.785040
20.284168
20.984300
21.815348
19.699763
21.867411
19.144781
18.069730
16.979272
18.962107
16.628338
20.372535
16.969990
17.391768
24.175428
19.380344
18.882724
18.867852
19.897358
22.051557
16.694041
20.751633
17.330947
17.666754
20.588212
20.546809
18.675691
18.877821
19.460272
19.629941
20.178565
17.046359
20.976980
19.431858
19.514867
15.869110
23.826007
22.549023
17.216453
15.546644
13.691502
21.101623
18.313792
16.981302
19.153587
21.704866
19.680085
20.439532
20.560041
18.036534
24.259670
19.213675
23.233274
21.975188
18.481476
23.655009
18.842581
15.873127
18.370710
19.797352
17.450202
18.477167
20.811587
21.887254
18.486356
18.348823
18.454744
15.816268
19.450707
23.223995
16.570822
18.858223
17.228989
17.045195
20.004909
21.250256
21.845777
19.139081
19.137462
16.185452
19.267544
19.863128
17.325761
20.334919
19.601107
16.566103
20.615247
18.661946
17.350371
21.561062
20.060960
17.269438
20.008337
17.240899
19.214324
21.233942
20.263861
22.792476
14.345764
13.218596
18.155096
21.720465
14.376569
16.458080
16.065335
16.563710
20.960158
23.899243
21.352851
15.334148
20.306507
21.539870
17.231363
17.461071
19.118047
22.023972
21.037630
10.441742
18.923771
19.352489
18.119097
19.811633
16.833703
15.196933
13.908476
12.945970
17.152925
19.349772
