18.075464
14.488911
16.868840
18.567913
18.168648
16.438808
21.864579
30.461078
18.885521
15.453880
15.860624
12.173326
20.234511
18.295775
23.411245
12.070045
23.200675
17.667860
15.512933
17.747324
22.883040
14.940537
18.149320
19.522482
17.702837
23.481217
15.869393
15.762869
16.607121
12.609277
16.351683
18.612182
18.615093
19.222199
17.721143
16.980703
17.989384
16.276085
16.752675
16.439171
19.552263
17.579750
18.902010
17.948754
17.175765
17.853304
21.589163
19.344414
19.581359
18.416290
16.220358
14.885222
14.626827
14.572484
17.847948
15.798054
17.338185
15.577139
16.919045
17.825300
17.677911
24.441965
25.546422
20.848797
20.826846
16.444561
17.665079
14.306359
18.518324
21.254634
20.667445
19.401226
18.681876
17.668867
17.721281
16.505467
19.176985
17.670025
17.918444
18.907908
17.396156
20.666679
21.119060
16.800354
23.316284
24.042672
16.978099
17.355221
18.692618
16.634004
17.178047
21.538583
21.969312
19.738209
18.700302
21.626224
16.479635
15.529064
22.269748
19.233145
21.452375
22.391946
19.073893
22.054922
21.542729
20.450749
19.906540
22.047885
18.820503
16.862305
20.114362
17.083023
13.465615
20.095362
17.431840
15.427198
16.767486
17.115959
23.642973
16.377068
16.580033
17.731241
18.245935
21.903542
18.277070
18.041797
19.781896
20.447436
22.045821
17.797141
20.104652
16.865935
17.373998
18.247728
20.105950
18.490144
15.527100
20.530890
15.568310
19.777879
17.126583
20.410423
19.746847
24.962911
16.252659
15.778645
16.413968
22.874283
16.111303
19.440342
14.757238
18.502332
14.581150
19.775538
15.702458
16.195297
15.919354
12.053888
19.542473
14.299644
