17.889176
18.664756
20.097962
18.635334
18.237586
19.938820
15.035702
19.179839
24.321145
19.005618
15.139212
17.510564
19.391953
19.084737
21.393030
21.720911
16.336439
17.302909
15.701615
18.824959
18.575915
25.627203
16.094388
17.784789
19.936533
21.756052
16.301842
18.409990
23.170465
18.487377
17.821745
17.906172
22.002991
24.905401
15.086015
24.529300
18.369739
19.994290
17.470217
29.586142
20.251956
19.496020
18.063973
16.448132
19.136749
19.675361
24.430239
18.574426
16.805513
17.108036
18.548790
16.988339
19.601114
19.102307
20.493559
22.410926
17.828519
18.249179
17.056224
17.070544
20.443147
24.161519
20.433151
19.390395
20.826422
18.452318
17.248938
17.914725
17.357577
22.250710
18.049957
17.440867
17.699303
16.378210
19.414298
18.564764
19.627810
19.526192
20.961368
19.080518
16.208536
20.857795
19.313753
19.690426
20.242666
19.326393
19.108951
19.443842
17.170395
17.470755
15.112507
19.561135
13.969023
17.066050
19.402333
17.855370
14.156869
18.388766
20.613834
19.870672
16.044140
18.191558
19.440953
18.812240
18.769213
21.963917
16.441130
20.525292
22.537317
21.203137
21.231614
22.684572
17.057668
18.878920
15.645943
23.537078
22.082436
21.472167
17.019157
14.629006
19.273378
18.273405
19.824005
22.130100
19.742603
18.437485
18.525614
18.869464
14.430568
15.573348
17.148415
19.467891
19.508736
18.199931
15.378114
19.177426
22.498428
16.291695
16.828557
15.653233
19.751453
17.358319
17.046195
16.818187
20.461464
20.527070
16.576077
14.560885
16.084851
19.734270
16.267493
21.429966
15.556742
14.217488
26.490773
16.246204
16.289725
15.338700
14.591791
15.004032
12.587723
13.968118
