17.218737
19.751562
18.156713
24.469554
17.185869
16.462702
18.490298
18.747034
15.620561
16.902879
15.883475
18.321380
20.929129
16.871120
17.109408
20.805389
17.264399
19.359397
15.667650
15.954663
17.201750
15.420157
18.524733
19.366261
15.981001
18.614343
15.551066
16.582418
17.267648
18.949908
22.691691
21.335491
20.340459
18.650041
20.623201
20.273286
19.776012
19.210204
14.655732
16.204191
18.168701
14.915643
17.396063
16.400935
17.224107
18.595459
18.474926
16.547708
23.015927
30.993568
17.881163
14.327554
21.747801
17.986126
18.546099
16.958473
19.620290
14.346179
16.130922
13.075598
17.913348
15.717376
16.767504
18.765781
16.183066
18.522272
17.316026
22.096555
16.550528
16.108989
19.188248
18.000288
22.031422
20.459919
17.664310
16.384827
16.092360
17.073340
21.464770
18.040345
13.960914
19.072830
18.586254
16.503255
20.998327
21.447103
16.257998
18.897074
20.087576
23.839316
17.863712
22.014452
15.348684
19.562022
23.988400
23.170659
26.916831
22.806048
18.755354
16.645057
16.979902
29.983279
22.481279
20.643402
22.670363
16.506148
15.729968
16.280579
21.378345
22.544714
23.107738
17.661049
16.722231
18.262061
17.747667
21.102148
18.368831
21.880531
20.087761
17.204823
16.891512
22.350305
15.381409
18.265452
18.727645
16.740881
17.579875
21.155242
17.807357
16.153723
23.017587
19.376823
20.336747
17.165487
16.878822
16.040777
22.448522
16.130787
20.145205
16.018446
19.268471
17.602977
16.760050
13.955910
22.071955
12.739739
18.356967
15.490610
13.979193
15.993627
15.327745
15.676683
15.222300
14.880192
13.410507
15.329425
17.325408
16.788374
17.202822
15.266364
15.274569
15.131499
25.866985
14.359578
