25.043806
19.343701
18.131295
21.497026
19.067644
17.612657
23.504307
16.779734
23.285180
21.922530
18.038652
22.533699
19.920288
17.546606
23.112659
21.399161
16.877937
20.910408
16.367500
16.208784
20.081255
17.496488
21.710242
17.699975
16.426997
19.665477
19.585874
17.723559
20.333350
19.866824
18.579064
17.528309
18.883157
18.627250
18.642953
19.097679
17.827285
20.424178
18.035059
22.352236
23.551769
15.475894
15.742896
17.062806
18.053788
22.689934
18.786472
17.003170
17.505601
15.778396
21.361939
19.703146
20.334748
19.110833
16.834424
19.396509
17.206031
16.041236
20.135960
16.582950
25.287232
21.456064
16.286293
14.654466
20.176701
16.406243
17.305187
18.813269
17.201408
18.694888
18.985883
18.917414
21.350498
17.736271
26.237385
17.192768
19.674364
19.776015
17.166138
19.458116
20.792230
19.693746
22.157380
16.927490
21.013610
19.604403
16.817564
15.720819
19.578068
22.927813
19.424802
16.922215
14.847075
20.036579
13.255791
17.054797
16.505812
14.077759
18.484222
22.005036
22.319873
14.646479
18.019880
20.672835
18.007258
17.930097
17.482530
18.514712
21.582110
18.987696
19.739363
16.088325
18.344387
19.862089
21.916116
19.469804
19.869247
21.468005
21.690981
18.661281
19.296613
16.703147
18.078700
22.207382
18.791440
14.824473
16.011213
19.554201
23.379139
19.929427
22.267858
18.248560
16.240287
21.143408
24.545914
17.271160
17.040968
14.762568
17.905978
20.009077
17.899853
15.193764
18.176713
14.696731
19.397728
16.792879
19.410959
17.320588
16.128159
13.859766
22.326257
18.647521
12.448911
14.967868
19.400471
15.516764
14.763779
15.995172
16.682255
17.532557
18.958619
15.394448
10.658772
