15.826365
15.425764
15.367421
13.976480
16.102887
20.162670
13.746272
17.881836
15.801464
14.287487
13.799459
17.119978
18.246436
14.378398
12.238777
13.999861
15.949075
15.321891
14.487679
16.170133
12.912325
14.397483
16.011212
14.016224
20.035812
17.798606
15.066266
19.987185
15.809570
15.857339
14.997373
16.052002
15.222197
13.891089
13.700583
14.257852
18.138928
15.845599
17.025917
16.062186
13.986822
14.280764
19.227527
15.722954
15.138384
17.759453
16.435110
13.175133
14.740212
13.266065
13.351096
13.817398
12.705236
20.338639
13.648994
13.394007
12.926227
15.795013
15.688253
15.436140
14.307487
18.764989
17.848060
21.336254
15.209538
18.356600
14.644641
13.931035
13.800529
14.267143
22.597877
13.787183
14.387390
15.707305
18.468150
16.535493
12.929696
21.583604
15.485926
20.770354
13.468230
13.930114
16.082506
16.817541
14.501757
14.105534
20.424729
13.872778
15.590310
13.198360
15.906323
17.202613
15.025160
15.748124
13.307810
13.384180
16.436207
14.437070
14.921490
14.368844
13.168827
15.181437
17.052581
17.388324
16.511960
14.240285
13.266366
15.722511
13.543313
12.946734
18.978115
17.256368
13.169606
13.855705
17.569915
14.727573
13.274414
15.781944
13.093927
17.814090
13.445241
22.185686
13.646045
14.268420
14.685066
14.066481
13.942122
13.786653
13.775337
13.584889
12.968932
12.954912
17.357622
15.861229
13.410913
12.351306
15.707810
15.132515
12.580724
15.504344
12.127964
14.253810
12.026819
16.520509
15.899688
11.470446
12.539244
11.378283
21.848808
16.908786
16.616181
18.187998
13.610512
16.070117
12.434269
11.504317
11.862219
14.285822
13.567797
13.249096
12.693930
10.630437
11.591245
10.404824
