23.092159
15.995494
16.198775
17.279636
16.577857
18.866093
17.713347
15.950429
22.866882
22.322907
18.830972
12.792275
17.965110
19.792410
21.546870
12.500891
15.762314
19.145975
22.696369
16.219104
20.745398
23.873100
23.200399
13.335984
20.049800
20.436566
20.738816
16.582888
19.148227
21.005504
19.482411
25.383653
20.852051
20.039351
17.203500
18.399401
16.505010
24.126547
17.580387
13.600688
19.572855
14.489450
17.688075
17.096170
15.780956
22.008088
15.201633
18.972328
20.320766
16.566065
18.843820
21.219386
17.343545
18.798328
20.149936
18.749656
17.964122
18.234839
19.663737
15.019704
19.424261
21.293873
17.743112
18.132104
19.354534
26.717977
17.123724
21.371363
21.503269
18.496671
21.320546
16.201874
18.170092
18.473445
20.331160
16.740202
20.874325
20.729812
20.527686
17.793824
18.707632
16.488958
22.921848
16.593826
20.088879
17.539834
33.444313
18.517599
22.924673
17.925585
18.840625
14.507086
23.583163
17.436626
19.230894
15.146712
19.355183
15.918384
15.928315
21.039759
21.462941
17.643221
19.093136
14.147317
19.527254
16.681138
20.356750
17.598208
22.810114
19.526110
23.784775
16.906365
22.964215
23.133464
18.957140
17.749595
15.736307
15.025798
20.160674
18.546990
18.191519
21.756734
23.778399
14.982847
20.845784
13.447380
14.668786
21.648851
22.145285
18.661093
16.997103
18.551431
20.291503
12.902869
18.274119
14.705774
21.480214
16.742151
19.272505
17.232223
17.365998
16.626606
17.074133
12.030054
17.149408
17.998982
22.906441
18.650596
15.757649
20.837612
16.317567
19.244040
25.127360
12.536840
13.226459
18.540145
13.314986
14.448138
18.328737
15.416893
13.704518
14.293296
15.657971
12.250920
14.406714
