17.033753
14.381047
22.977456
22.549333
14.992777
19.075111
17.606451
12.830564
16.941987
17.968434
17.888920
20.860863
16.337822
14.529353
12.885376
21.483344
14.691170
17.722528
17.871116
13.533474
13.219855
22.211896
13.514102
13.444421
15.989874
16.891345
12.352271
18.166723
14.610291
19.573135
19.249169
19.002885
17.531278
16.504267
15.731376
15.159015
14.161221
14.709052
21.356304
20.771291
13.320691
17.576299
17.721735
15.000274
14.865728
17.101838
16.742136
17.359214
15.577166
15.369072
18.522782
17.211643
15.780565
20.335010
21.646873
13.418833
16.820302
19.173206
13.306049
17.120834
21.233432
14.200909
16.277758
16.073380
14.868302
17.190569
20.790374
12.847105
20.875689
17.974826
13.447045
14.302445
17.313162
16.451562
16.678638
14.460877
16.913053
17.895066
21.876893
14.108073
23.307401
22.875421
14.370572
18.750716
17.522050
16.891968
17.696522
18.518201
16.742398
23.525485
25.385247
13.280941
16.814521
17.836704
13.854750
16.119810
19.228727
14.895135
19.257764
18.314581
20.677687
21.175377
19.628004
14.580347
20.783866
19.651393
17.116359
21.661879
21.112168
16.234291
22.879756
18.652625
15.619700
18.415729
18.096304
16.658264
18.617703
17.018798
13.598918
19.374971
18.421525
13.318944
17.467975
25.270114
13.574227
15.927935
22.151750
15.634392
15.550432
13.997002
16.623801
18.230242
19.113388
12.418821
14.835112
22.437005
15.989400
15.196537
16.447661
14.789647
17.523569
15.806414
15.935445
20.855881
17.643480
14.138325
15.240746
15.920752
13.336561
16.535992
17.890383
16.778649
22.157065
20.919439
12.806876
17.800283
17.863850
13.662618
16.296865
18.551694
14.609826
18.987101
16.127579
16.745021
18.136783
17.866465
16.537546
23.505878
15.429552
16.137346
20.351401
23.736509
13.431494
13.803471
19.690447
17.316564
17.445758
17.105584
17.674042
25.036663
17.848236
13.927862
19.065270
17.027437
14.060135
18.856356
17.585211
15.972620
20.978436
20.306107
18.189425
14.884522
20.506413
11.973405
12.301217
14.930388
11.481712
15.873929
16.650213
14.633968
16.621463
15.444604
20.979241
15.709229
18.364726
12.447837
15.076566
12.180011
15.501505
17.370791
20.599068
14.012890
12.000344
21.898267
15.104963
15.695452
15.015874
11.265616
17.020481
14.348720
15.969129
21.228807
13.581985
12.102174
15.632166
14.681961
14.157680
10.815112
15.421715
12.652054
18.632533
16.402084
12.739455
20.878520
16.141717
13.363410
