15.043760
12.543982
20.942598
26.257450
12.742129
22.439644
22.356913
13.235791
19.932203
19.119359
12.690141
15.822648
19.592056
14.497936
14.674112
12.652718
12.500845
17.737831
18.575587
12.096739
16.268300
13.555883
12.116135
21.828706
22.700994
12.103859
14.715154
15.294910
12.306935
20.987213
20.163609
17.356098
15.836381
12.749338
13.093536
15.210761
22.911947
14.177387
19.154082
17.971300
21.096833
18.812682
20.786522
14.437566
23.525343
15.370510
12.815441
17.758791
17.324422
12.629804
14.387725
16.501930
14.450272
22.783300
20.108969
15.814549
19.947799
13.179555
12.896637
22.941246
16.148153
17.517000
21.707629
15.453291
14.192946
18.469790
15.364395
12.967635
16.418004
14.285187
12.206037
15.947321
20.190794
12.801498
20.935162
13.437593
13.155437
15.628340
16.781964
12.510025
17.607509
16.721242
12.641198
19.165348
14.794781
17.912704
21.955260
21.376633
20.642159
18.876561
16.277471
12.583432
20.298960
15.776804
15.172386
23.067719
13.802301
13.897887
22.394794
22.573290
14.685007
24.181026
22.040081
12.665959
20.083488
14.319818
12.520339
21.903038
18.176800
12.162822
20.092406
21.063855
12.586728
19.063397
21.478673
12.318524
18.551819
17.991089
13.428747
20.685534
18.457292
12.765872
18.562841
13.976150
14.572718
16.243651
19.555638
13.773349
24.510559
18.814915
13.500005
17.940729
15.592368
12.691257
19.476199
16.994915
12.944102
19.370097
16.921529
16.441090
17.988896
15.829181
12.278063
18.077639
15.803862
13.845131
15.237435
15.630350
19.032088
19.389217
18.471268
13.682510
16.360760
17.552659
12.923755
17.880489
16.658477
14.044471
15.893773
17.702606
22.298553
17.347041
17.047723
13.816487
19.322348
16.381253
14.313799
17.960515
16.016537
14.404254
23.683796
20.068268
12.999825
17.378236
18.712472
13.053558
21.936948
15.976821
17.242291
14.385859
16.248569
13.092961
15.990986
16.878781
13.861538
24.480729
16.347886
14.154444
17.727798
17.375040
16.806379
21.977118
19.073393
16.458446
17.982756
16.704087
15.856925
16.039834
17.245215
15.317945
15.664005
17.266458
12.762181
18.277182
14.074768
11.856591
14.782759
16.699692
10.773283
22.970685
17.978008
11.463042
14.883732
16.019523
11.502381
12.148510
14.768581
10.621756
21.912864
20.138915
12.842881
18.711235
17.369033
12.301519
16.204812
16.501501
12.484997
16.958167
16.122535
11.531893
16.416242
15.532328
15.259066
16.741456
19.755586
11.769569
17.837159
16.600989
15.429299
16.518775
