13.158740
19.663734
17.423986
18.011617
17.699394
16.627957
14.970793
22.412719
17.319036
14.442902
20.553352
15.098579
13.360019
17.719219
12.782277
12.126774
17.422903
17.063163
13.307992
17.974562
15.476566
11.978158
16.603278
17.918626
18.169913
11.783093
13.235390
13.197054
16.439865
17.892257
18.229940
16.656875
12.321385
15.643808
17.637421
20.312658
18.930929
18.816630
17.449633
12.992137
23.877637
15.551023
14.041278
16.565727
12.450572
13.207955
24.710106
17.290546
16.408406
22.393032
15.994678
12.449013
19.692085
18.976834
12.273254
16.057743
12.724172
12.271123
21.299630
14.317507
15.436026
15.650846
18.582954
15.289595
22.603495
17.059997
13.941659
16.236567
19.430380
13.314616
16.006696
12.221692
13.593016
23.495118
16.937120
13.365630
14.369999
21.778875
13.422449
23.637409
19.861742
13.934140
18.802930
19.070836
13.151749
17.068256
12.498885
12.674782
15.977045
21.321418
13.583657
16.470654
21.501147
15.519808
18.535459
12.907111
15.693679
18.288519
20.671813
13.182687
18.027933
19.175031
12.629222
21.220806
15.863665
12.574937
15.780445
16.438345
13.868485
24.142561
15.442418
14.440315
21.146080
16.130588
13.102265
21.260366
18.413739
18.906828
18.876937
19.814422
18.166492
16.822278
20.705407
20.247736
19.072871
15.805640
16.682981
21.206726
16.470017
15.264196
21.194550
17.547212
15.956593
14.020322
14.273279
12.934569
23.956475
20.887691
12.142873
17.914600
14.046498
12.538711
15.348505
19.365150
12.555783
19.278313
16.094140
12.726314
19.441216
17.829847
12.825441
15.093782
20.461189
16.373952
18.195199
16.446790
16.635021
23.370517
16.176061
31.313024
15.710154
16.064822
16.466590
16.898967
15.649952
13.659751
15.362012
16.182959
13.389433
20.268577
17.076196
12.985808
20.117585
19.726847
18.936564
25.012241
23.014518
12.803462
17.754648
19.662961
16.402653
18.417087
21.488668
16.356835
16.570387
16.862624
14.387787
16.915590
17.166588
18.892257
16.478317
19.965725
14.674652
19.043416
14.620137
13.997474
21.480418
16.257543
12.030683
11.717782
11.908696
11.050517
20.065053
18.467377
11.301528
20.717683
13.255504
11.290670
18.459372
14.905460
11.979923
16.389754
17.195476
11.550255
14.515626
13.791799
12.176033
14.019371
12.809744
12.223386
16.633897
12.661777
10.753631
19.245205
13.201164
14.012850
14.705116
15.190379
9.976315
16.375749
20.387522
10.950466
13.250531
13.981601
11.024452
18.601449
14.408711
10.583890
18.866110
14.587854
