15.168768
16.886069
15.005942
16.583933
21.380218
19.253298
14.460807
17.307336
15.922938
15.943654
22.927780
16.591092
18.633084
20.191241
13.988380
14.280607
18.744674
18.192148
16.781643
15.970635
18.176278
17.678862
20.409270
16.964798
19.527143
15.424766
12.469336
16.583363
19.886845
13.339360
20.347231
16.700770
17.325068
18.091037
15.761742
12.817373
16.826399
18.136001
14.595537
20.104787
15.794550
16.512395
16.792939
16.970247
13.627228
20.405865
20.158145
13.910643
15.385499
18.169618
16.945026
19.688285
21.749527
17.599087
17.699865
22.649315
18.475407
16.262126
21.801071
20.900412
18.067389
21.162795
16.828997
17.959173
17.774470
17.169561
15.119042
17.255982
17.959211
22.888686
16.102065
17.504796
16.199445
16.052871
15.817983
15.559724
18.269058
18.183721
19.594928
23.966260
18.142397
16.775199
22.549820
15.905686
18.315962
20.041134
17.970406
16.998800
15.811588
21.665253
18.475511
18.458127
12.566765
16.104942
12.834163
12.739169
14.005682
22.592504
18.352913
17.680519
20.536374
18.042898
17.938221
19.813511
17.017548
16.837995
16.136291
17.114025
19.066503
24.949063
14.995910
20.765330
19.630734
18.731272
16.466006
21.463888
19.026561
18.485704
16.362024
16.471791
15.402633
15.131188
15.174858
17.575907
19.457662
17.285005
17.264579
16.386067
14.949721
16.934516
18.368555
18.262437
15.919936
17.590172
17.573875
16.986795
14.897653
19.217431
12.831299
18.232850
19.761672
15.161239
17.458414
16.616408
14.237937
16.319091
16.629289
17.015690
21.349211
14.908794
18.316326
16.872387
15.797294
16.768587
15.834886
14.080539
17.352712
16.658054
17.373290
20.665056
18.458013
19.302121
19.266083
16.497348
17.296989
19.049604
19.908341
19.108907
18.374222
16.933947
20.893652
21.546166
16.105534
18.000584
22.111760
19.033514
16.755062
17.239341
19.428623
17.977893
17.746064
17.005745
15.839290
17.472879
16.628760
15.900598
17.217571
16.583870
17.535167
17.245954
13.884016
17.626988
18.229390
15.601009
12.374273
15.802794
11.206200
15.548367
15.411992
16.153385
16.445171
16.443061
15.007939
14.298564
16.497153
18.708326
14.645336
16.457655
15.708270
20.752614
12.895495
16.218295
13.812409
18.615198
17.480622
16.623797
14.691771
15.955110
13.890039
14.519802
17.148050
13.483080
16.994761
14.873347
19.621707
15.968471
15.738116
10.726003
15.481722
17.477854
22.042376
14.073349
12.765772
11.021644
13.055811
17.038714
13.568786
