13.140714
14.904371
20.567962
13.443883
17.979054
17.789388
12.078296
17.007082
22.168484
16.436708
16.952626
18.688276
12.529439
23.900947
14.994313
13.588791
16.930102
15.287061
11.706687
20.226134
19.853037
13.133791
16.236991
22.895122
14.977272
18.497781
28.066123
12.157174
16.992673
15.890585
12.665803
19.222912
19.669150
16.155571
18.663617
19.839140
13.111351
15.829769
13.826009
12.538451
17.622474
18.974764
16.697877
16.921614
21.467552
14.122380
17.393165
16.984134
14.837565
16.109534
15.201698
12.856368
17.263028
16.389632
14.739020
19.894542
18.224399
14.138949
18.028609
12.320181
24.770067
19.157860
16.512948
12.884444
15.875714
14.720380
14.224233
16.963520
15.715338
12.981444
22.016419
14.017476
14.039228
18.002452
18.875758
13.540013
19.353100
15.460222
12.618518
15.452918
20.990701
14.370345
16.484788
16.575229
13.416250
20.484026
19.319646
12.444490
18.339707
19.777032
20.368219
15.932596
14.295477
14.822177
24.071870
17.671684
36.618214
14.066973
12.640680
21.990663
14.027055
14.528386
12.292361
13.151663
19.140944
12.387669
14.911283
18.804431
12.655245
21.294380
15.707028
13.405091
17.213829
18.397135
13.529770
15.607631
17.577736
14.634895
16.637548
19.154957
12.568446
24.037536
20.953637
17.776543
25.376050
21.236880
13.576847
19.734404
14.431609
12.657388
17.350001
21.250352
13.987504
18.120822
16.614527
16.793025
17.601200
17.288316
17.943469
17.672415
22.650189
12.797498
18.809167
16.974166
12.297088
23.868834
14.264343
14.072430
18.170690
21.810427
12.378844
15.668934
17.161402
12.217750
25.186011
16.430115
13.981688
21.216689
18.410691
12.482994
18.265645
16.808409
12.712225
19.277892
18.657160
15.508681
18.781989
16.977868
18.822935
17.615907
16.684095
13.451148
14.071299
16.522138
14.835118
16.204167
18.223784
14.600948
18.331300
23.605305
17.930548
15.535326
16.323942
13.484159
18.752586
18.033982
13.481350
20.731165
16.232747
12.888724
15.989358
19.943353
12.391875
15.872343
16.782964
12.253473
17.442775
13.699061
13.718702
12.941669
20.382320
11.128271
15.472679
14.561323
11.953349
12.519190
15.096411
16.593776
14.618474
11.279329
13.833563
14.294570
15.520528
11.216061
14.991273
20.203010
13.514369
16.944898
14.953885
10.179970
17.943204
15.355099
11.178291
16.490223
16.178724
12.730294
18.407848
12.404427
11.202059
15.622432
11.291287
12.294480
14.848136
17.053406
10.158736
14.178236
