21.469674
20.592549
18.974069
16.884050
18.467485
20.347921
14.904729
20.994335
18.388449
16.245134
20.540328
16.657371
42.140267
15.428655
18.357247
17.281909
13.056691
18.040918
17.067671
15.199564
19.389185
16.982851
16.293831
21.607447
25.433944
16.505242
15.931461
15.089852
12.731210
17.092011
18.356523
18.547379
17.284132
16.867997
18.735460
21.383515
16.870027
16.898806
18.248693
28.871294
17.226500
18.018258
16.539467
19.158719
20.541535
17.824849
16.275924
18.916118
15.047099
16.585735
18.267385
16.609358
20.107769
18.558991
15.723992
16.430170
17.924631
16.702246
21.979804
14.293443
14.137853
16.305171
18.500706
14.570659
25.981403
16.906132
13.261638
18.730763
17.526191
17.004072
19.663793
15.582951
18.437811
19.287506
16.806846
19.577106
19.502980
16.995622
18.978974
16.340968
18.892737
17.232915
19.787330
25.912269
15.315076
14.534507
23.587355
14.495644
19.168253
18.654632
17.220476
17.324157
18.112581
16.494765
19.881364
19.110025
15.049861
20.528412
18.294785
18.605305
18.144847
21.913437
16.669105
20.527930
19.872772
15.868009
20.241389
18.211240
17.197589
17.580674
20.331235
22.897492
21.722949
18.239219
16.666209
17.920792
19.058117
15.773640
19.315193
19.411544
20.235797
18.039427
24.166364
16.347333
19.140676
23.157328
16.263859
17.408611
21.020319
16.560989
20.833469
17.349044
15.341123
18.293376
17.699038
21.108875
17.321887
20.443364
20.002584
21.051698
20.507239
14.022673
16.777230
21.507045
15.104767
19.137080
19.959594
14.606215
17.161798
21.658859
15.605551
20.155386
20.398929
14.761795
16.936333
21.800794
18.766437
17.695550
18.579698
21.654449
17.221546
17.872816
18.320710
16.189258
18.689509
15.079412
20.274749
19.117876
19.111468
21.394492
19.501690
14.319095
17.678040
16.056232
17.052462
16.363303
16.797173
14.654974
16.389055
17.866892
15.573761
16.718410
20.047591
15.439994
19.375218
22.412391
15.209395
17.128367
22.433646
13.304041
19.953401
19.608568
16.365461
19.513821
22.605574
15.881334
19.524958
21.163768
16.459931
17.137118
17.511372
16.068083
18.687172
20.001321
15.786903
16.528064
21.874546
13.688442
16.197461
20.926636
15.425674
17.660725
25.523771
17.242119
16.367104
18.070982
20.294268
18.233531
19.574057
14.076854
14.411599
22.858784
14.468822
11.001932
14.416877
20.163797
15.284779
22.162220
12.827569
15.626658
15.693615
13.909976
19.117999
15.607097
12.020972
15.302093
17.041017
16.539492
19.231728
16.768434
19.236122
15.727744
18.264640
12.432245
16.835918
21.378375
