21.706461
17.970819
17.628006
16.904906
20.902973
21.661336
15.943788
21.705080
16.376408
25.743094
17.047331
14.120866
17.166388
16.718444
17.775240
19.404309
17.704272
18.111667
15.887072
21.296975
20.737365
12.820339
17.864862
15.096248
16.247855
16.301968
23.783831
12.824474
18.464996
16.590065
21.859441
19.993327
21.073597
13.099931
21.834545
18.747375
20.673385
18.106285
16.438675
17.448167
15.428734
18.862791
16.594033
24.586464
21.931271
15.344795
17.519272
17.005398
16.364656
19.628199
17.650100
14.286313
23.197146
16.513791
19.430016
21.425420
19.118690
14.146326
18.868134
17.671972
16.774656
18.084416
17.608378
16.963754
18.954018
19.096992
14.180172
17.717325
17.738987
12.749211
20.240693
17.135134
18.445478
25.640103
19.170436
20.489208
17.193122
23.596269
19.639825
19.300041
17.451161
14.388827
21.203863
20.468111
16.509738
20.718882
17.297588
17.127053
17.974639
23.116054
17.396228
22.166380
16.787063
14.622702
18.167657
19.986428
15.753434
19.000130
18.276364
18.533809
19.593339
18.042344
15.005097
15.322436
16.971981
13.310104
18.724648
17.450873
17.104943
14.586909
18.212937
16.681085
20.286111
18.148033
16.316160
17.822961
14.456507
17.112292
21.052851
17.358207
18.138402
19.247103
17.652834
14.435395
20.363158
18.074496
18.579199
17.468457
17.781790
17.076805
19.391858
19.096887
14.212702
19.135556
17.224652
15.809817
15.410303
17.472801
19.974264
18.503883
16.931412
19.651759
22.629949
17.505802
18.269792
15.512620
16.051561
14.734166
15.555452
21.556971
14.794962
17.927383
17.527578
15.995825
18.436888
22.352279
17.327474
16.704957
17.849922
20.719807
16.827591
17.876338
20.777437
17.670668
18.362397
16.607272
18.985274
18.049348
16.706352
17.571530
23.582484
15.898311
17.455282
20.521408
21.576375
19.636456
16.158811
12.921513
21.445068
21.910132
15.196467
16.707225
21.688652
16.850058
16.540727
17.921862
15.697825
20.887489
21.619194
15.676031
15.059620
18.233612
13.793559
19.647005
17.307853
18.064269
20.994441
18.526301
14.934296
18.626362
15.516506
16.992961
18.145403
20.105724
14.547963
21.517287
14.278716
15.508620
16.098124
19.818339
12.425759
14.855066
18.294610
19.039366
18.264252
15.156765
21.939471
16.139620
14.266967
12.562211
15.632415
17.100918
14.349976
19.427034
14.187180
21.594431
15.586155
21.057517
12.736433
14.775563
15.486529
13.699838
15.528497
18.670650
14.056651
14.633438
15.649867
12.225238
13.406167
