20.880534
18.106246
13.461090
20.310834
18.292320
13.974978
18.888612
18.997657
14.642213
17.635563
16.387719
17.546049
21.592103
16.461260
15.473255
17.085834
12.933043
14.397333
13.904595
14.032949
13.793216
17.351089
19.171299
13.961063
15.492592
17.275960
12.519342
20.058460
15.401943
12.435173
16.151534
16.252732
12.885879
17.337812
17.867979
13.085250
16.875456
13.090925
15.833494
17.036573
15.836099
16.157672
23.204906
24.281106
16.070848
23.954913
17.078582
16.259237
16.778634
13.205876
17.262742
18.014922
15.265846
15.570247
18.387774
17.388163
15.127693
26.751631
16.363471
14.422846
23.416902
14.988596
16.528713
19.281028
18.646844
15.517549
17.816947
21.483206
12.886761
21.066552
17.403154
13.861366
20.365820
17.717851
16.578326
17.841875
13.703294
13.638436
17.924079
15.610898
13.464498
21.300525
18.311908
13.037653
22.122703
15.248266
13.209336
19.997594
17.354698
14.419684
24.750977
14.647391
16.322326
24.019639
19.369681
17.041958
19.392992
17.282039
14.420329
19.929303
17.204482
16.818427
19.973901
16.117067
14.390313
23.493774
16.179904
21.578812
16.484948
19.922194
15.486489
21.719063
17.835887
15.097679
20.193787
17.522189
16.804435
14.183304
16.220498
14.613834
19.266274
18.685603
14.817742
20.309729
17.738413
14.980823
18.006331
17.302832
13.061677
16.190165
15.866514
13.997053
15.984357
16.865542
20.068130
22.874330
19.569712
14.464503
15.127667
18.388185
23.097190
20.859029
16.825168
18.757229
16.886673
15.779316
18.005237
22.324453
16.653589
16.278110
20.096082
18.278209
21.963248
27.604276
17.249842
17.732071
18.904728
15.268868
13.220046
16.383475
23.654358
13.538708
21.197127
20.986368
22.990008
15.722038
16.020935
14.755296
14.505090
17.480464
15.614797
16.861652
18.079732
15.181260
18.704034
17.267143
15.411778
15.122969
18.772266
15.323083
22.202753
15.683796
18.064013
18.519461
18.832985
14.446257
23.642207
16.099119
15.139603
21.801086
23.937920
17.130340
18.396234
23.276154
18.233383
15.999691
17.777662
13.876374
21.534900
18.888192
12.625409
29.229786
22.558387
17.415781
16.336319
15.795950
12.955833
17.802088
19.050487
13.654443
20.957791
16.522380
12.914665
20.462701
14.781576
11.698507
12.831107
19.299413
12.014038
13.458997
15.907285
14.064470
16.216842
13.061998
10.868067
13.467729
15.418809
13.434913
21.510923
12.865764
12.439335
15.426610
15.657930
11.080547
15.114649
15.273876
15.807567
13.625461
15.247132
11.081505
14.975227
15.300608
