15.259389
17.343594
20.338367
16.962673
18.249025
18.278322
14.233901
17.795989
16.013412
13.106688
18.735919
14.855322
13.567335
19.195798
30.256269
13.623410
16.970052
19.221295
21.714259
21.110893
17.185163
13.282998
16.960795
20.055021
15.293197
21.984188
17.467948
13.469362
17.954104
15.659344
13.125375
20.022947
23.394628
17.788222
24.909400
18.952283
16.020974
17.766631
17.681772
15.388243
18.265981
18.669158
13.282970
22.468301
22.367879
14.422168
23.920526
15.185445
14.078530
27.839291
18.089428
13.388232
18.029512
14.203257
15.358282
17.427473
17.105164
13.807656
18.626536
15.200275
19.604804
16.787056
17.930427
14.020619
19.543768
18.175039
17.423437
19.630931
17.503470
13.278348
23.615250
15.314172
14.169396
19.016499
15.335840
13.211457
17.985973
12.552500
18.169551
20.349796
18.706248
14.961892
19.235642
29.495929
12.835622
13.323438
14.093463
13.469944
13.405164
16.318671
14.687936
17.320996
17.126585
17.963347
21.277676
18.117732
15.732501
19.282935
21.849289
13.611185
17.864507
17.865569
14.534468
21.243020
20.787211
14.848617
18.854537
17.307476
18.511345
20.040725
14.157880
13.566337
16.730826
17.106766
16.989875
18.194960
15.458473
17.183104
23.277886
18.384147
17.452012
22.193366
15.881589
16.195477
18.626670
15.841381
13.546602
22.723208
15.969069
18.615454
17.299418
16.649698
16.933513
17.368077
22.285721
15.024873
18.046143
22.085280
16.073139
21.953862
21.901332
15.654395
22.439734
16.850085
15.320838
18.877705
20.028061
17.552527
18.110181
16.597737
13.167090
16.145271
17.715452
24.009396
16.498950
16.647850
14.452708
23.149288
19.739701
13.788678
18.726345
18.216461
13.578123
23.698248
16.953912
13.624055
19.006140
22.030967
19.755800
26.869400
16.423570
16.065355
17.879726
17.961313
13.407784
19.230515
18.170265
15.223730
23.841675
15.052439
16.211049
20.639094
16.815992
13.102418
18.408872
17.844987
13.376473
18.906540
18.459432
14.194114
16.605337
17.183858
16.298180
16.915459
20.572132
13.820676
19.765226
17.295942
16.758106
17.931085
16.662667
14.731080
17.401567
15.858551
13.844007
16.792625
13.553146
13.996380
17.515061
14.448430
16.349082
13.593438
15.558029
11.621353
17.730556
18.774578
14.876845
16.567035
14.997393
15.709981
17.123374
17.420039
12.000014
11.793083
12.838590
11.116567
14.873211
13.472618
15.658304
17.739237
18.938423
12.232220
20.667526
15.380138
11.635825
14.666198
19.498409
10.942361
16.822042
