17.781489
16.828622
19.042690
15.848624
19.948516
21.007440
17.567975
18.253112
17.059003
16.085519
19.981732
16.405273
20.779052
20.867428
17.056400
15.000382
12.835251
15.527796
16.450883
21.968064
20.436988
12.817399
15.180918
23.643967
18.449191
20.956489
16.749113
15.083775
18.699919
19.717624
15.889940
16.411186
13.283162
16.238027
16.711086
15.747648
19.104200
21.042798
15.399153
16.138798
13.000076
15.777012
18.803466
17.736918
16.790107
18.588286
19.586653
16.665236
16.990774
18.505552
19.659541
18.542808
15.143282
17.465516
16.350243
15.799985
17.411317
16.091298
18.142456
15.230094
21.029534
23.929306
14.572811
16.519135
20.376494
15.811235
18.907191
20.119987
21.125165
16.824416
18.343448
18.316203
18.845400
17.280085
19.426069
27.630419
17.324763
19.186494
17.804043
13.028621
15.887451
15.354591
14.469522
20.376596
15.427685
17.813664
13.722646
16.847665
21.813561
18.430833
15.527284
16.032717
19.922082
15.092120
22.165633
20.062989
16.607775
18.307724
15.694628
22.654400
21.086682
16.218824
16.635091
17.284315
18.742023
14.077851
17.571997
17.414613
16.773519
18.083212
20.963719
15.556939
18.242279
20.153852
19.778144
18.549441
22.210951
20.318738
15.316691
16.423710
18.341562
23.894661
20.814053
17.970879
17.428646
17.952542
20.686030
17.922484
25.754089
23.894438
18.014790
15.247518
14.811017
17.308281
17.563853
17.105517
21.053645
16.898660
15.310682
20.735000
18.480632
17.057782
19.370315
21.485942
18.830648
15.601888
19.430697
22.529498
22.027571
18.473233
17.002050
18.159149
16.182149
19.313264
25.468492
16.387386
14.883623
20.353450
13.930651
20.758138
20.853022
15.560254
17.618619
19.516137
18.858058
17.398023
20.592906
16.641171
19.975786
17.390347
16.888441
17.610720
16.524116
15.620383
15.764563
15.806217
22.678635
14.885217
22.930959
23.644956
16.822846
17.255974
17.540373
15.524756
17.496010
19.947880
14.250434
20.869148
15.946456
18.564232
15.896574
16.079004
15.028536
18.689383
15.772914
14.336187
18.234380
20.358502
14.023178
19.107707
16.438631
18.048542
17.052287
17.992991
16.587694
15.353911
14.363602
17.023162
18.415483
13.951031
19.658852
16.129864
14.622799
14.632408
21.073924
14.451987
20.244622
17.557220
14.981002
14.051667
17.457348
15.013443
14.559731
19.629686
12.840585
13.746049
20.574580
14.079570
17.295342
21.177839
12.961866
12.013373
14.731487
14.325548
16.025894
13.740080
11.429850
15.930522
