17.695226
17.192292
20.204827
19.458287
18.859949
22.293293
20.678234
21.026822
21.211502
16.217680
17.011784
28.509708
17.029044
18.062583
19.507281
18.621070
26.570011
20.013120
20.296585
17.449093
17.616629
18.385898
21.027903
19.096124
18.628765
17.371741
19.337160
18.773320
17.726097
13.400643
16.079900
17.862509
19.720685
17.877287
20.922251
19.477609
19.295982
17.894841
18.027840
28.475117
16.530497
16.195508
19.872890
16.577086
22.490660
20.215691
17.239652
18.789262
19.565394
20.386507
18.291353
18.360857
21.234148
20.282055
20.647284
22.304628
19.151019
16.351310
22.951598
18.767036
18.176594
21.152907
19.203274
25.204324
19.156349
17.735877
18.899054
18.069666
21.682907
17.796612
21.395629
15.349623
15.518934
17.265950
10.374299
17.625429
17.746129
18.342488
15.883480
17.018326
17.655052
19.715274
18.977087
