18.242586
14.366949
19.041459
18.553864
17.930175
12.175631
16.668063
13.608522
17.521317
18.885760
19.069489
18.414215
17.033461
21.126436
23.366842
19.735885
17.874880
15.062373
21.900076
22.748742
15.634132
15.934514
20.647931
24.435169
19.565937
22.673296
19.790627
23.510811
22.323780
18.720283
21.907827
25.460566
21.637553
21.956062
17.228891
19.936447
15.094596
15.255249
18.060875
22.897721
18.962933
18.400219
22.241240
19.475158
17.577311
18.407361
18.070254
18.257341
18.429247
24.478208
18.061452
19.115668
22.403396
19.736165
17.657483
20.691678
18.507486
22.967370
22.749603
19.313415
16.683296
16.165228
18.074158
21.125479
18.245991
21.495310
18.399494
17.766686
19.472532
17.144668
22.330361
16.174146
16.719651
15.336683
20.525695
19.322887
18.093466
19.145624
22.187821
17.419333
14.849554
15.135491
