14.619772
14.689974
12.059121
16.908501
13.479438
18.329493
12.772194
17.657094
12.840017
13.812655
13.296225
12.573006
12.993317
12.736068
13.683200
12.983293
14.822922
15.364189
12.514352
14.409251
14.238058
15.595790
13.279415
13.405722
16.316963
12.852809
13.620712
20.709913
13.400280
13.565555
12.775219
13.342967
13.886865
17.061552
16.203476
13.405637
12.913543
13.873471
12.054784
13.283360
13.186723
13.704452
14.502005
13.086345
12.825007
18.847624
16.230844
12.773437
12.284621
13.028358
14.137957
14.080749
16.862913
15.710469
12.939845
13.605164
15.335357
12.959157
17.819877
13.981186
13.167551
15.180234
13.110367
11.997853
12.711658
13.866728
12.071136
12.827371
11.695499
11.566702
11.718924
11.853259
10.922392
11.952592
11.643970
12.307091
11.036116
9.965547
10.697040
10.783525
13.785990
13.031499
9.971880
10.149561
12.732473
