20.713271
19.227779
18.267507
19.202670
18.230706
11.937916
16.690681
11.699955
17.532202
12.213428
21.170401
12.197483
16.220030
19.006154
14.531125
17.070019
18.195678
20.028062
16.918255
17.372215
17.078410
17.785433
18.200731
16.287872
19.174539
18.213952
18.727450
13.972222
19.742126
18.292926
15.386977
16.834538
17.809805
19.671071
14.386390
19.765181
20.023694
16.454432
16.838042
20.013930
23.356221
15.797040
17.745779
22.007809
18.329693
22.328656
16.481921
19.131560
18.237974
17.210287
21.880667
17.112087
17.358152
21.487620
18.622718
20.196316
14.979087
16.562947
18.432556
16.626187
17.835518
21.644710
15.553236
18.798948
15.484311
17.838723
16.062251
16.757735
15.476359
17.231508
17.472430
15.087423
17.474740
10.589867
13.202843
10.432114
14.994384
17.785435
15.370724
22.131553
18.261134
16.236365
13.497444
12.124350
16.565439
