19.561944
19.644957
22.006449
21.785041
20.751171
25.367331
20.845195
17.051682
18.474728
23.280399
22.623074
18.248885
17.024273
20.017339
19.808062
20.964311
15.371072
18.658582
19.690119
16.313639
18.914596
16.974879
19.950932
17.665082
15.672172
18.393100
20.975347
16.274684
21.544730
19.901874
21.761597
16.793123
16.327546
23.395111
21.602631
17.976218
18.822291
26.343613
18.963700
18.836642
20.654303
15.792888
25.579908
16.886089
20.732673
20.101983
19.574384
17.819893
22.411565
18.920644
16.705043
24.076588
17.068803
20.729190
20.532048
13.084543
18.365275
22.341488
22.322695
22.397734
18.530794
18.895272
19.433338
20.996663
20.592619
18.433772
16.642092
18.296243
17.373322
18.657481
18.461186
22.354280
15.959660
16.784291
19.453484
15.173359
14.619625
20.034539
15.192906
20.862746
20.219091
15.566145
14.680957
