21.648868
18.685188
25.172765
19.464165
18.400430
17.545367
28.162985
20.639616
18.811607
17.323769
20.042935
23.786160
20.130615
17.920890
16.560090
18.092389
19.002294
21.495764
19.771350
18.246467
18.602525
16.538698
17.593274
20.811008
19.945461
21.237069
20.172131
19.074668
19.652966
17.918789
19.811078
19.928798
18.352596
15.168948
21.921124
16.720369
22.679777
22.421777
22.262251
21.345004
27.128750
21.845871
24.492832
18.836634
17.219309
23.639180
18.759634
20.363090
18.822750
22.907858
24.128420
19.669038
16.675700
24.559719
17.476949
21.750898
20.223789
19.032996
18.313781
22.195637
21.327431
18.143305
17.692717
24.935834
19.785279
18.427004
18.800770
19.071805
22.616085
23.452632
17.506077
19.188168
20.696295
19.903435
15.824497
16.085694
20.250847
15.952736
15.613581
17.036783
14.350123
