18.553621
17.421118
17.376996
19.608713
21.155881
20.199007
21.070594
21.236220
15.966065
19.319197
16.802111
21.699253
21.451181
18.790818
19.036372
17.789756
24.351933
19.490198
16.575104
22.005037
20.513250
16.558820
24.731115
24.039150
19.027417
21.627918
19.766005
19.495502
19.844254
20.229207
18.362873
19.979782
18.923220
19.923576
26.786955
17.602064
22.492855
18.191641
18.098123
22.768737
19.185507
20.293538
23.431390
17.127919
18.938580
17.247855
21.366328
23.967331
19.805177
22.498712
17.711345
22.869307
18.094469
22.085686
17.787758
22.944882
14.556812
17.491721
14.928111
20.783039
19.041398
16.633616
24.071200
15.139363
22.734050
19.214412
19.445066
16.132235
18.746085
19.473923
13.998788
16.411431
18.408644
16.911969
16.201803
20.801988
20.235713
15.668220
14.108807
14.380700
16.734635
17.278402
13.721820
15.614031
20.050514
15.160864
