16.692001
22.118600
17.385413
23.963739
21.349723
13.306809
16.654919
12.916209
16.086077
12.735375
13.914304
12.888638
20.654320
16.759860
13.309535
16.546903
15.327568
15.533424
20.629965
17.683074
18.194610
15.628252
19.136676
17.778511
21.712693
17.399218
19.149448
20.010774
16.830958
14.338965
16.122113
18.856210
17.715753
17.729352
18.347344
17.282759
22.931168
25.039676
16.112763
16.513522
14.777236
16.269965
18.654637
16.841085
17.654296
19.977791
17.175484
15.593831
16.354056
15.331941
15.613969
18.890365
17.334589
18.355962
16.269889
16.269495
16.830776
20.173747
15.769671
17.214563
15.362685
20.002778
18.029641
19.203144
16.578619
23.320866
14.473195
15.823563
14.296346
13.766133
12.753981
14.794468
14.272413
17.085682
15.965163
14.324337
14.137553
16.060516
13.535096
12.164447
12.856860
14.211780
