23.272687
15.717564
18.282214
20.429780
16.067172
13.343849
18.034074
12.729836
16.554258
16.203347
15.470836
14.342055
16.579159
18.379017
16.887027
17.425973
19.590891
19.043010
16.901070
16.597070
17.641158
15.877608
15.925188
18.829202
17.788737
14.403334
14.308449
14.170216
16.490467
16.219084
17.715599
17.276836
20.093428
18.102462
17.463492
18.168009
16.805954
17.464818
16.462716
16.329668
18.688022
21.589811
17.558040
17.673810
21.899991
17.956304
16.180769
15.380650
17.326419
16.285237
17.886246
16.029756
20.198876
17.234120
17.036587
18.198483
16.333854
20.079168
15.854405
14.217391
19.068230
18.272452
16.997908
17.422875
19.993322
17.310234
16.533605
16.310466
14.770382
14.039917
17.975031
15.480293
13.736391
14.147200
13.028480
10.641043
16.398294
13.484947
16.322416
18.642108
12.449831
13.306402
13.316035
11.761345
