24.089162
18.701898
25.957471
17.493146
22.031656
16.122848
24.555974
22.645029
18.701231
19.487113
20.700194
27.500482
22.796992
22.964144
23.556156
18.745744
21.426468
19.502048
23.252215
20.196964
20.457507
21.564505
18.424530
21.450956
19.645225
21.516388
17.433903
21.534103
18.743312
22.276513
18.652638
19.957572
18.154123
20.203304
14.793924
20.186453
25.196973
18.332174
19.717125
17.654440
21.702333
23.205348
20.359628
27.424079
17.443442
26.904927
19.422716
19.715631
20.222788
20.833032
18.529740
21.351232
18.939040
19.094169
18.910615
19.228970
18.390297
18.111150
18.632212
20.713905
20.922888
19.848057
17.997661
22.825924
27.177560
18.786720
21.489090
20.968230
21.040203
13.974597
18.080242
18.393875
16.494748
18.935622
19.044328
15.231377
19.385144
15.963930
16.983235
15.810503
15.768379
18.072929
