18.595466
13.652460
16.139765
13.492958
18.682594
12.454305
20.271998
12.594598
19.531821
13.931335
15.902206
14.217450
14.057663
24.541770
20.150229
16.282394
15.280222
13.801997
16.414774
17.515066
15.830600
13.949362
16.846834
20.161780
19.487182
16.649155
14.131757
13.898315
13.744458
13.278690
19.982025
12.931830
15.842826
14.225100
17.037140
13.344696
14.289699
17.984392
14.212920
17.005258
13.636873
21.611075
14.788867
14.960546
20.244940
12.662030
15.729906
14.698344
16.676317
14.278497
16.184799
18.480782
13.005638
14.487671
16.226035
17.852462
17.678842
14.445707
16.138188
14.395134
15.130178
17.512166
17.100900
18.920885
17.408507
16.088349
13.557749
20.878814
19.381286
22.002948
13.923967
17.214080
15.995103
22.009118
16.685035
21.060879
21.024950
16.606129
14.342971
20.005169
17.510251
17.500085
16.163934
15.359445
16.488531
17.915640
14.561836
16.861542
14.354518
16.723646
14.973945
15.598925
14.941438
13.701095
20.769181
17.015088
13.371342
13.334490
18.815471
14.012024
14.860289
13.036884
16.129615
18.625425
15.782615
14.822361
14.758856
15.603294
16.789701
18.607928
17.180164
13.052895
14.373498
15.690518
13.758167
21.257912
13.973618
16.814607
20.104835
14.714944
13.716574
15.584121
15.828800
16.235497
15.850439
15.966264
16.623414
16.992880
15.234367
13.498469
17.753090
13.052313
13.149382
16.394318
11.250982
16.807197
17.892886
15.792770
16.407783
15.626487
13.360314
13.346839
12.599429
16.861263
17.505590
18.889595
11.844664
13.046682
13.748749
11.793872
11.915077
12.414500
18.451678
13.776528
16.811683
20.956831
12.456598
11.270123
13.574785
