15.198893
20.643305
20.067332
22.402220
30.971088
19.542586
17.157360
16.678203
18.703332
18.926155
17.224514
19.256264
23.009968
18.968848
23.931946
22.035663
20.008659
16.655440
22.689439
18.202222
19.256149
26.007308
22.315414
16.039799
18.468766
18.094712
20.074573
19.158626
22.354684
18.877034
21.076196
15.577618
18.003114
21.173286
16.266083
18.600286
18.191613
25.611863
18.417965
18.993381
33.848144
17.338593
16.991363
18.120750
21.084207
17.451006
20.979766
15.931627
24.250174
19.068539
19.270096
19.619878
18.486707
18.511608
18.231872
17.437956
22.339114
21.146601
17.867991
15.127433
21.311241
20.988941
19.677510
21.298557
18.034418
25.812301
18.002881
18.292027
18.953094
20.111062
17.728314
18.454614
17.418577
22.484266
19.093175
28.505860
19.601419
18.832142
18.940678
19.076602
15.042811
17.819665
20.505777
19.585891
19.763485
20.376274
21.216910
18.471051
19.616921
23.783091
17.383087
20.767946
23.285266
16.847828
20.206518
24.968976
18.184541
25.537611
16.861104
16.244562
20.198976
20.077272
19.369990
19.011418
19.716996
20.585928
20.549696
17.600767
20.475093
21.432545
20.802265
16.947918
18.078085
27.138563
20.839687
17.934757
23.906848
24.675609
16.371222
15.458567
22.108593
21.510264
20.134636
19.602583
18.292081
19.525481
17.738985
18.530340
23.618665
23.531364
19.415407
17.762584
19.144180
16.485357
20.266722
29.741314
14.879884
18.058270
18.549269
16.209588
18.754071
16.312151
20.452445
18.774280
21.158295
16.054415
18.143486
22.885139
18.435135
18.147163
17.324843
20.343079
18.312354
18.499546
16.199874
19.599621
19.637372
14.066976
17.822510
13.716881
12.487688
17.268680
12.217339
18.919920
12.685381
13.812879
18.114759
16.009178
16.367071
13.980827
19.504177
