24.885288
18.526927
20.868045
23.900697
19.206360
16.690540
14.897935
20.152596
16.892617
16.935796
18.520596
20.271813
20.450641
20.595877
19.892428
22.753691
19.216249
16.924311
26.215127
16.593414
23.324584
18.903725
18.583967
21.321632
17.986438
23.803556
21.675793
17.350525
20.515475
18.837262
18.930261
17.421913
18.110469
20.340587
15.177093
19.163058
18.085531
18.045292
18.179937
23.714842
16.062743
25.158648
15.209353
21.540582
19.218484
23.742541
19.392515
23.176387
16.586176
17.383408
16.961519
18.643921
21.183068
19.432348
24.028210
18.870016
22.502526
17.867674
23.180031
24.720551
17.924157
16.158913
19.611826
18.616629
24.295194
19.455541
18.681758
19.500183
20.157030
19.198236
21.852504
19.852180
18.309957
18.574511
20.801830
17.441738
14.631147
18.490658
21.299337
16.412598
17.603977
16.350406
24.789191
16.671822
14.837557
19.153227
18.975315
19.716852
18.782530
12.798404
17.519906
18.520203
21.843737
16.913364
21.876649
15.888054
21.373320
18.618044
23.351313
25.241461
23.112095
19.379686
16.416291
21.145708
19.746635
19.486307
17.269362
20.651542
20.988833
22.451970
18.522035
18.939717
20.492800
21.874572
17.667707
18.043253
14.489402
17.048652
15.469060
14.830563
19.234701
24.686538
14.884864
25.564362
22.356688
17.710938
23.354873
22.316130
19.842095
19.285167
20.606854
17.911585
21.875434
22.471575
21.653827
19.597866
17.598483
14.737710
18.271403
20.180735
25.401104
19.328615
12.871763
22.357449
21.617242
17.145881
21.270499
18.770234
22.666353
16.561842
12.468865
17.046471
32.309600
16.379128
16.445851
15.808884
21.117744
12.461917
21.426520
16.775753
16.487458
15.614274
16.164479
20.253992
16.033365
13.952526
27.827323
18.258884
