18.986520
22.610894
16.014240
21.582729
19.595723
22.738885
16.165094
22.378803
19.711265
16.713137
12.038314
19.858429
17.425975
16.788929
12.562769
22.928649
18.231740
17.232927
12.165300
22.256226
16.801643
18.587245
12.293475
16.448521
21.756973
18.446857
18.458548
19.983931
12.480553
16.864610
17.429239
18.788552
19.918154
17.281886
12.828595
19.502644
16.585426
17.560223
18.353079
16.942128
17.467836
21.423092
18.269745
23.164555
16.863641
15.247471
18.465729
19.066116
16.856046
24.087861
21.804788
21.019332
22.561378
16.991198
19.396086
21.515404
14.976272
19.368952
18.547623
18.393109
18.993083
19.779407
19.041389
14.387514
19.619355
19.131049
20.062887
20.591383
18.536126
23.291510
18.887542
18.847005
19.594834
18.840767
17.358146
22.762995
17.698710
20.084688
17.395144
18.116990
20.105811
16.858070
22.449977
18.614444
16.936041
21.730406
15.832123
21.325207
22.753636
18.698364
14.193011
12.836460
18.017672
18.268666
17.029395
18.364104
22.216039
19.100534
17.835814
17.683043
18.024267
19.160378
20.567231
19.691795
14.974985
18.342943
16.668850
24.443262
16.550938
21.037382
13.363547
18.136829
20.798094
17.737035
18.609652
19.402605
19.151850
18.497037
16.737184
17.237505
20.855431
22.015963
18.630818
20.388228
17.886768
17.902900
15.694980
18.879513
20.153169
17.118693
18.383340
18.580390
18.998222
20.381570
16.667515
18.030080
14.743896
19.534301
18.116749
22.659834
19.834224
17.289793
20.349673
17.923644
17.282326
21.447242
18.455655
16.647344
17.817310
16.936896
17.348753
20.477790
18.340981
16.116925
16.728192
14.119569
21.340921
14.049994
14.604880
15.402375
20.800407
16.004834
24.131492
15.536646
15.265441
17.576622
15.644840
15.343623
17.453723
19.973915
