15.082705
15.752451
20.793164
17.692553
23.460621
17.022848
16.266294
16.872264
15.508581
17.137440
17.285121
20.715428
17.895857
15.948490
19.932040
14.685731
18.319817
18.082335
19.514952
13.653897
23.142229
18.392465
16.361895
14.950384
21.130791
16.060139
19.949824
16.000720
18.213732
20.603002
18.372633
19.559936
22.952864
15.534880
23.349924
16.843609
20.190243
16.603014
16.678376
14.765506
17.910925
17.005030
16.843199
19.116012
18.026808
18.597511
18.676336
12.391320
21.066198
26.297937
16.650212
24.362915
22.719892
14.785053
17.879180
19.967860
19.835720
23.126036
15.229754
14.471951
17.777285
17.246117
15.415588
18.527957
21.348971
15.980701
17.915714
18.219243
17.219398
18.528721
19.119867
21.885173
15.480026
18.506612
19.196418
18.526771
15.950959
18.063836
16.892655
14.366196
19.730440
16.092361
18.985732
16.737316
19.141035
14.152413
20.898357
17.751876
21.406632
21.982189
16.851957
16.874554
18.103293
21.578934
19.642562
14.921474
17.888527
14.155352
21.378973
18.286989
26.474478
21.849301
18.310779
14.863210
18.688200
17.964561
15.954544
17.038641
18.331053
20.705307
22.198445
19.321374
17.302641
22.080552
21.710804
14.267718
12.486785
24.648458
20.136005
17.785867
17.135512
15.600984
16.290353
18.074293
16.314232
19.140538
17.683233
15.138096
19.394835
15.306936
14.833367
22.308907
14.017079
22.101076
18.860308
16.380789
15.421322
17.360011
17.495426
17.244786
18.805119
19.754680
21.277974
15.380472
16.314261
14.564753
14.888383
17.780718
16.820107
15.282219
15.843690
16.758584
18.980353
15.730795
19.028503
15.077300
13.580882
14.820511
15.998886
20.282202
16.264766
16.154656
15.925915
12.147044
18.858959
17.923062
14.606332
14.927692
11.334795
16.412010
18.479194
18.928149
15.030476
18.402665
15.286997
