16.088964
12.959095
12.914893
12.925933
12.845136
15.331641
13.737208
13.993219
13.044532
30.833204
12.709587
14.085742
16.306000
26.302325
12.766275
12.749745
13.051738
13.333653
12.853720
19.448012
12.869481
12.955239
12.882152
12.889023
14.804371
13.058638
13.437787
15.463440
15.988130
14.779001
13.378554
15.869883
16.948300
13.571560
13.966058
13.238980
13.324103
12.990203
13.923512
13.316059
13.251192
16.575585
13.922627
15.052693
14.632439
15.662914
14.601665
13.191208
13.803629
15.135429
13.340336
13.639317
14.145360
13.249297
13.256357
13.226110
15.423131
13.310977
13.368187
14.966611
15.822904
14.913463
13.030118
13.417643
13.560943
13.267447
17.141333
14.603008
20.413999
22.701652
15.748105
13.709477
13.444530
15.215361
13.758511
13.423937
14.239260
17.431546
13.278711
14.226556
14.558872
13.455022
15.292549
21.780598
13.217784
15.557990
13.449926
16.010844
13.639409
13.382515
14.465687
13.897781
17.534695
13.335197
13.510412
16.758898
14.591402
13.309164
13.734579
13.116469
13.396694
18.775636
19.599792
14.058620
13.935263
19.789227
13.951987
13.397477
13.145783
16.481068
12.783827
12.935967
18.080946
15.581611
13.154983
18.228823
18.989133
17.792333
13.007926
17.433752
13.665016
17.410742
17.977289
14.114103
13.430391
14.233082
13.578063
13.368757
13.162924
18.095275
12.979684
13.066090
13.563423
16.175398
12.524352
13.072686
13.189868
11.814421
11.926659
11.843626
15.944903
11.567775
11.526613
11.286192
12.869184
12.779429
14.755803
16.775573
14.764908
10.872633
10.729954
11.821776
13.723604
11.794751
10.476976
11.259551
10.806653
13.570594
11.427711
12.827976
11.722642
14.442515
12.881813
10.655052
10.488813
14.770981
