14.562852
15.057560
17.677334
13.856780
14.475539
14.295997
13.370924
14.279006
13.270838
26.117141
16.766866
13.935158
16.863648
17.842708
14.731847
13.628490
16.758615
17.362912
13.957851
19.912726
21.075025
16.086021
18.299599
15.399842
20.902821
20.884438
13.247321
23.788273
13.453121
15.336108
14.297872
13.533277
13.348754
14.400470
13.278643
14.684571
16.340419
14.140095
15.851571
13.678809
19.753692
16.404862
13.976104
16.125303
16.550585
23.054837
19.165268
13.203514
13.724411
13.198806
14.862306
15.320682
13.549249
15.163616
15.467379
16.304754
13.987337
19.732578
14.203809
14.424669
14.003586
16.257306
14.444453
16.301599
17.035503
14.104240
13.677031
17.047990
19.300512
40.585002
16.977700
14.873677
18.553392
14.329548
16.872969
19.078036
16.328538
15.167666
13.765425
19.821907
14.049425
14.636772
20.271115
13.480419
14.912229
16.164676
13.779856
13.703016
15.988197
15.654626
14.946064
18.708050
13.325362
14.870906
17.316409
14.035505
14.393255
14.352161
14.550978
14.027768
16.072453
14.603982
13.557983
15.088951
18.497526
18.422681
15.559304
13.398996
15.583487
17.619072
16.224261
15.100209
17.172419
15.068615
16.902924
14.810937
14.712595
15.379098
14.226232
13.700454
15.070346
15.850187
13.722285
13.432172
13.762990
16.196723
13.258540
14.583107
15.550408
15.945586
14.998387
14.262482
12.787703
12.470462
12.957509
12.309224
15.915358
11.735473
13.245277
14.855153
16.122388
14.771672
14.861961
14.647247
11.908110
18.385729
12.284906
12.470050
11.659647
12.344387
11.505457
15.899950
14.766810
11.829185
11.962981
11.160596
12.178602
15.014662
11.735109
12.617162
11.841605
10.771832
