17.397759
19.391969
17.894030
21.550158
23.037771
21.880124
17.420670
18.301435
19.296138
18.110852
12.954606
12.737644
15.724605
16.385818
19.666431
15.866887
18.558910
19.951004
14.606106
12.862677
15.037282
16.871664
13.771952
12.833197
19.983343
15.379428
15.686915
16.724254
18.802415
16.296706
15.388073
15.683426
16.168552
13.440246
21.186919
14.549073
20.114462
17.953412
17.296008
14.058796
14.960827
21.021042
15.356467
16.634051
21.438424
15.909195
13.571844
18.336742
18.076028
17.271234
25.320869
21.435828
15.332364
15.769530
18.050068
14.259622
15.461668
16.247239
17.227330
19.334910
19.371236
27.843382
21.344763
14.719813
15.561421
18.946575
14.552136
21.026064
15.651945
15.287871
15.109700
17.565490
23.825808
15.319267
18.286965
19.834885
16.548913
15.934260
16.570413
17.988155
18.929641
15.706159
14.764595
16.534774
17.129635
20.507876
16.136659
28.083549
14.985492
17.956432
22.130605
15.430117
16.168239
21.428002
17.999275
17.118946
17.966092
19.691300
17.499147
21.128064
21.494185
17.434461
17.241014
19.868064
13.581798
20.580381
19.539079
13.281447
14.487025
16.204461
15.131436
20.729805
17.113368
16.234917
16.138132
15.975451
12.645789
21.117974
16.298038
14.246147
15.554852
17.351070
15.334724
19.356190
14.472495
12.796573
19.621540
17.988301
16.864348
15.327965
16.859333
17.383705
23.505130
13.736255
19.950520
15.493935
17.304328
16.923077
14.663042
18.794671
12.757847
20.790734
19.657399
16.582854
16.589005
15.228300
12.680861
12.476092
14.421249
13.014368
17.454316
13.900362
12.769350
13.686531
13.154400
13.877046
19.487462
10.816263
17.235828
14.439436
14.679933
14.623438
15.098973
14.101670
16.194008
11.580093
14.234155
16.476624
13.399815
13.676058
14.847156
