31.644311
22.175474
19.990685
19.700108
18.437589
21.214104
18.623581
18.024109
19.627787
23.822657
17.385958
13.118635
17.435155
16.907376
19.503381
12.952778
19.391701
19.920804
22.409260
13.238248
15.566253
17.803144
34.238884
13.209502
16.410796
14.743051
14.284864
15.722788
23.094931
15.269276
15.894712
13.079674
18.933545
18.128613
17.002959
22.252860
17.228519
18.447470
17.413774
17.917472
17.969099
22.331409
16.432892
15.485806
20.626115
30.461418
20.793673
15.356665
16.007180
14.610864
16.094579
17.181272
19.737664
19.640173
20.953610
15.325189
20.043804
15.566657
17.919585
21.160269
19.481022
16.453824
17.334197
18.320007
53.800690
14.062872
16.269834
20.347455
18.534889
18.780472
20.797693
22.018795
14.113496
15.706355
16.294718
19.470259
23.496737
19.227603
15.119656
16.654698
16.805505
16.248760
20.532134
19.034229
17.814888
18.210086
24.036406
18.746939
22.305031
17.620692
19.309507
16.109466
23.088959
23.640711
15.931401
26.835530
15.875027
14.890332
18.115507
18.725293
24.741615
15.440396
16.698693
17.489572
17.261302
17.283615
19.632256
15.888209
19.622806
16.562067
17.085779
18.494884
16.835713
20.637030
16.744772
16.249422
16.488604
19.178925
16.027276
17.967378
17.396895
17.715032
20.059699
16.184859
17.097330
16.762550
16.498314
19.229587
13.555906
17.833358
15.120678
25.925259
16.533176
19.852369
17.313782
17.372897
17.829414
17.821618
16.234091
16.034929
17.935262
17.700997
18.167415
18.591276
17.638298
16.436618
13.473708
15.587099
18.975436
15.589890
18.518955
16.586525
14.639915
16.860708
11.533431
11.883339
13.164272
14.183135
17.008283
14.759933
20.532582
15.100483
17.321249
15.923982
18.529274
15.524756
15.910226
18.568343
13.897729
17.015442
17.116322
15.381889
13.861076
17.761739
