16.263837
17.470874
20.479054
16.282527
19.679250
19.772437
20.107429
15.939669
18.158408
19.613141
15.326154
22.354264
15.465649
17.082756
20.264809
20.766560
18.292654
16.681906
17.398378
16.338813
22.611479
18.780074
18.940940
22.255149
17.116878
17.822722
23.204834
17.663630
17.940144
22.347397
15.840034
15.838261
17.251875
16.710324
17.291422
14.930408
15.456129
17.508437
19.616007
18.215262
18.106963
16.617620
18.344651
13.739063
19.240410
19.462613
18.229704
15.244041
18.658529
20.027739
17.591866
16.046944
18.479579
21.117629
19.818877
17.630582
22.626082
13.998842
18.944367
22.287564
17.382134
18.498568
17.879576
15.267329
21.947028
16.657308
19.770159
26.528677
22.473641
16.735650
19.035384
17.404005
19.968289
20.989394
18.983520
15.682650
17.320129
16.574453
16.953742
16.259809
20.815127
19.979701
22.005234
23.068663
20.659224
20.527071
15.992743
17.956236
20.417364
20.710207
19.089763
24.005303
24.008527
16.550348
17.214984
17.193253
19.491944
22.464487
22.073665
15.326367
16.630364
18.150498
17.797167
21.845366
18.313445
19.684306
17.146044
18.765440
16.873779
20.010439
16.624482
17.074641
18.876637
15.854802
20.557712
23.968377
16.551343
16.633666
17.125175
16.664654
17.638004
19.463133
16.375033
18.950812
21.195512
19.581231
18.022353
25.226204
19.167686
18.385455
18.366397
19.066134
20.091343
14.500491
20.539133
15.848858
14.806482
18.064692
17.336834
16.096870
16.474095
19.646858
20.115726
17.085084
17.281409
13.442675
15.688516
13.712865
19.328733
17.923872
13.254348
17.931702
16.742611
15.961533
13.262429
17.109421
13.481880
18.479607
14.349568
14.620531
15.526186
16.197467
12.894404
17.696696
15.890833
