18.812526
18.527064
12.260595
24.142919
19.461592
19.576241
17.091980
18.663490
13.278571
22.032105
17.062396
12.242286
15.703366
16.831176
13.502809
14.758239
15.245759
13.425163
16.398980
17.979749
12.573839
15.368774
16.483952
12.272105
20.235933
16.012772
15.444740
15.486478
22.688728
13.690782
19.633462
15.949694
16.342594
19.403914
20.270731
15.000875
15.577385
16.554500
21.057820
16.325168
16.828882
13.275226
22.646020
18.271841
18.695607
19.528699
18.879606
14.021247
15.152971
21.982074
16.623333
18.153453
21.698159
12.468924
20.085457
15.363996
13.542302
17.559829
17.437730
12.390411
16.204529
22.775296
14.779552
13.115281
20.415858
13.699239
22.947874
19.743649
13.081064
20.003254
16.684783
12.926525
19.388323
17.943265
12.994261
16.164449
22.900106
12.369414
19.140304
19.541840
14.392721
15.058791
16.726321
12.892999
17.477179
16.200495
13.621652
19.691716
20.843794
12.425790
17.435445
20.524106
15.529596
20.718534
15.698572
14.003061
19.243402
15.822340
12.718235
22.077982
19.220992
18.849258
16.632301
22.517484
17.296219
18.533579
18.181135
12.597125
21.531492
16.926731
14.249732
19.331888
22.465565
14.371529
18.469146
20.174711
13.118417
17.792776
17.119168
12.596801
20.458076
18.121861
13.163586
21.175456
21.172359
14.856268
18.857931
20.774476
12.523245
22.084046
18.993773
14.404099
22.090574
17.257275
12.790361
13.445668
16.469829
13.618452
14.465619
19.587603
17.790141
20.624902
16.575167
12.802053
23.475733
16.205390
14.392359
28.514022
17.175412
17.448516
19.127136
16.533061
12.633923
19.824093
14.962144
13.848867
24.029124
18.027572
13.436399
18.998654
18.207227
17.326287
15.442844
18.927494
12.626154
24.306278
15.823609
16.462493
19.091110
16.569289
18.513649
15.139523
16.692317
13.294631
15.499459
16.870220
12.919430
22.417327
17.781246
16.634701
21.884195
20.285833
15.209376
19.391374
21.611720
13.447142
16.101148
21.705067
14.154950
16.008370
21.582886
16.269802
20.952810
22.401551
13.377640
18.095681
17.924669
14.335248
15.922741
18.062224
15.783908
16.101692
16.261236
15.600029
17.015130
16.044845
13.699533
17.907060
20.670931
12.441164
16.642862
15.880368
11.952987
15.866098
19.203165
14.059568
15.298340
15.568949
11.109897
14.608680
14.915881
12.896491
12.010049
15.038335
14.297757
17.402192
13.209002
10.198410
15.251724
14.019573
11.594979
17.859918
15.121841
10.503008
13.666419
18.980620
12.487073
14.088040
14.238526
10.228833
18.926349
14.359340
10.610172
17.175374
15.893282
10.036529
15.780617
13.826944
10.256416
14.681872
16.985433
10.798982
