21.329896
22.779083
15.343949
20.907232
15.341858
21.805928
21.199853
18.094874
16.664265
19.313549
14.082482
18.577441
24.266016
21.517144
14.795170
24.274032
16.711933
16.803545
19.916496
14.479590
17.627880
17.122576
19.543008
14.106382
16.194935
21.922204
16.093995
13.484723
19.337201
13.064319
15.904390
16.577757
17.279088
23.466020
16.720003
18.970867
20.087377
14.889027
16.170528
20.267320
16.665675
15.351601
14.098248
24.052419
17.978278
16.818376
16.606460
17.768118
25.919506
22.194063
15.261168
16.658836
18.047891
15.357306
21.351406
16.332594
16.656490
19.296674
16.225371
22.990055
16.951417
21.710106
14.924428
16.853536
15.875426
14.672708
22.170135
17.675368
16.621661
21.013219
19.703017
16.709653
19.205371
17.442993
16.798502
19.013796
21.582684
22.375418
18.043525
14.615368
13.791677
24.722184
16.796748
22.672629
21.291813
20.832039
16.679729
28.619342
17.306825
15.508795
16.248519
14.815402
18.582814
23.458245
22.851306
18.535915
15.885985
18.041931
14.993849
18.641721
20.012396
17.778187
19.916231
14.014465
17.615051
16.289621
26.319681
17.366559
18.235768
17.992890
18.253932
19.428568
24.347052
17.770480
18.900544
16.044205
18.978403
17.502667
17.151746
16.502021
18.318838
18.079534
16.035238
19.429963
20.585984
15.188890
18.780823
21.660790
20.777336
16.612944
16.202722
13.852702
19.769716
16.316677
18.448435
15.153378
24.489061
25.486925
14.267493
17.535109
17.567156
20.066343
15.761627
16.102005
19.843517
17.613110
17.368091
15.913965
17.076871
18.340840
16.412435
17.348187
24.273871
17.862808
16.721633
18.244648
18.062023
15.840558
17.686202
17.624280
17.462896
19.876570
17.024743
15.686377
18.403645
20.189264
17.540151
16.888873
26.347598
14.581230
28.732407
17.421801
16.571304
18.692389
18.585729
22.833576
18.539314
17.203191
15.093745
17.506431
18.270947
16.999204
18.779858
19.372755
18.388415
16.508047
17.865606
16.223309
18.345834
18.969576
17.582587
18.940999
22.909613
16.650460
17.247024
20.612207
23.600409
21.238902
15.153893
22.766468
17.470357
18.646911
19.407040
16.322222
19.051486
20.923262
17.353985
17.616671
16.341427
11.564804
16.424579
17.369612
19.579058
18.712785
16.118478
22.521434
14.281699
15.650182
19.494159
15.818683
20.289184
15.935753
18.258857
16.468191
17.238957
15.075766
14.212114
11.534740
14.781174
15.653390
18.309642
17.079634
13.248720
16.272012
15.124998
15.143833
15.657178
19.762621
15.919401
14.059668
15.964016
14.886706
18.983445
21.499015
17.279223
20.005290
14.862999
17.151313
15.308836
13.857739
14.174124
14.204804
13.320494
21.075975
19.015849
18.495541
13.158419
14.467262
15.982218
14.857767
17.678333
15.262484
14.058282
