20.990520
20.520022
16.827182
21.562113
17.043868
17.219343
16.317191
15.460169
21.076318
15.581325
15.819542
19.274693
15.768708
14.750150
19.999260
20.249990
18.894054
16.210480
18.964767
22.558844
27.610312
31.928369
14.648272
17.523438
17.101994
17.620363
18.421478
16.131301
14.587755
18.872262
18.451616
17.333197
16.098171
15.562625
15.741048
16.027046
18.456972
17.631644
19.758309
19.218134
16.280135
18.574201
19.057918
17.367612
17.893482
15.397594
20.869883
18.227272
17.255501
28.734817
18.104688
19.361488
16.173969
21.192323
14.013715
18.539612
19.694654
20.784752
16.001837
22.140095
15.710864
16.981645
19.698628
21.221754
19.777647
16.254592
21.846105
19.987656
21.352806
17.132774
15.988041
24.948240
16.420595
16.331661
18.367062
17.865250
19.802092
18.949582
17.234298
17.414988
21.669685
14.857290
21.090936
18.959371
18.346836
18.246564
19.049605
18.071229
18.504061
18.048685
15.940506
25.146720
15.320272
22.846767
15.767728
17.204577
22.437972
17.333399
19.205925
19.625835
16.849350
18.508234
17.204122
16.428270
19.845361
18.572604
17.884932
18.040968
17.366763
15.615401
16.107516
17.068122
16.589589
17.646542
17.642680
16.248493
20.595423
18.676189
13.921320
17.023694
16.807809
26.478299
15.196510
24.557981
17.526667
18.391784
17.353625
17.423535
22.792766
17.180398
24.766730
20.010869
15.785412
18.791187
16.856053
17.050681
17.454863
21.431123
19.907724
17.319111
30.835794
16.592554
17.897000
17.307772
18.099508
18.753972
21.235489
20.750012
14.917419
17.832657
17.075247
17.158288
23.735777
16.487886
19.103056
13.234720
25.027925
16.144276
21.188992
19.768849
15.471040
16.547837
15.871466
24.264191
16.479314
19.544346
15.458015
17.413409
17.446148
15.542244
14.302571
17.198870
16.979342
22.244681
20.667437
17.763626
22.624756
19.093988
15.558577
17.734347
17.659564
24.624995
19.399554
17.810812
15.200048
17.377610
13.720964
14.985300
17.722740
13.688500
14.982435
16.071758
17.054639
15.399473
20.722593
22.472400
18.284768
15.222330
16.953326
16.167198
17.509825
12.647103
17.668179
22.309534
13.441835
17.967646
17.212397
16.436563
14.274911
22.189004
17.436017
14.880490
16.707774
16.122378
17.285511
16.873295
15.510416
16.022157
14.662248
16.599416
13.648045
14.250384
15.267589
15.703431
17.493384
14.612922
15.443665
18.830557
15.289512
13.576469
20.286679
14.297471
14.666573
14.651044
15.637420
22.169668
18.436327
16.129341
15.424860
17.451943
12.807057
22.138851
19.499972
15.724004
11.638305
16.000606
17.653324
