16.872597
16.846289
14.821211
16.614806
15.507098
15.859337
18.846904
16.795351
28.435389
19.266224
18.633277
15.286025
19.570060
16.020080
16.256775
17.937502
12.094711
16.917910
17.627608
23.509790
16.799072
15.803775
11.930308
16.787142
19.121572
16.291748
13.225611
18.582124
12.465885
17.708025
23.516476
18.699286
16.540303
15.334735
15.826060
17.275349
18.077550
13.263722
18.277771
18.952401
16.590843
16.686853
22.306383
17.624136
14.013636
18.453608
12.607853
16.978398
18.032993
14.713614
16.523243
16.740710
20.236318
24.064182
17.061280
19.771649
15.779765
24.594521
16.726787
16.060763
17.420127
16.037121
17.511560
15.895864
18.084207
16.265337
18.191563
19.671280
16.554939
17.309523
16.706550
16.472192
17.152800
15.694270
15.311153
19.204088
14.766158
16.383039
17.380828
22.479924
15.157062
20.420678
15.931463
17.706237
15.952235
17.364095
17.277641
20.188278
16.472181
16.403316
20.323632
19.684982
19.518550
19.326709
16.930376
20.371899
14.977538
18.226332
16.183426
18.286804
17.130213
16.913456
16.747966
22.735333
28.680731
22.560001
18.774566
14.954524
16.820529
16.762686
19.021560
21.375370
16.272207
17.832628
22.217459
18.020237
21.219893
17.692395
15.856652
15.949959
19.917489
18.170445
17.565222
23.360115
16.383101
17.248330
15.494422
15.295182
17.091970
16.856534
22.520209
15.930491
16.065807
16.869586
20.220008
16.992278
19.361984
14.737419
15.038165
16.697022
18.260127
20.366353
20.356090
23.404524
23.599798
17.072725
16.431432
20.874515
15.473485
18.199179
16.257146
17.231813
16.591338
18.529742
20.528844
16.735330
26.334962
14.650119
12.495102
19.455414
16.944323
17.886665
15.015512
16.290951
14.032497
21.322810
17.354931
15.113438
19.595674
16.934161
15.266521
20.280981
20.079898
17.358884
20.912570
17.967765
16.936441
17.325930
19.869514
22.491145
27.740609
17.263035
17.878498
18.401067
16.790571
18.614578
16.154792
23.414375
17.722853
19.118062
27.265072
20.775128
17.941059
17.248100
16.385398
17.824760
15.584210
16.208693
16.619310
14.112222
18.272848
17.966662
19.010429
14.589601
17.091818
17.716976
18.853122
15.927586
15.112706
16.955695
16.442047
17.029719
20.088668
20.003696
14.114925
16.636362
16.683440
17.371038
15.424864
17.082232
10.690863
15.528170
19.103246
16.278134
15.698421
20.679255
15.563142
13.880764
17.865310
12.008924
15.621170
14.192311
14.992378
15.120653
19.240634
16.020207
13.457817
14.549351
15.368783
14.000165
15.621788
20.184153
14.885849
17.955111
11.997232
14.438163
14.909427
15.523615
11.236479
