15.094086
12.792042
17.052794
21.006494
12.961693
22.776616
17.687730
13.117538
19.372260
17.654332
16.729976
19.075581
15.023804
13.617323
15.165596
16.113281
12.987456
15.602346
16.763401
12.286773
15.995331
21.950306
12.519886
17.419067
18.487442
12.374237
18.304778
17.954313
12.145978
17.763639
16.075899
12.276460
22.622839
20.411552
14.260069
16.182823
17.834789
12.929160
16.587600
15.932048
12.156528
19.826057
15.458859
12.451417
20.771230
17.092301
13.248297
18.980251
17.883248
17.323700
17.479936
18.332593
14.149698
18.422071
15.333859
16.460289
19.073184
17.616003
12.552341
18.879121
16.264905
13.995102
23.843711
16.930791
13.518909
17.791104
18.385237
12.875498
17.114505
18.507950
14.135494
17.547009
17.291243
14.050720
21.083452
15.511834
12.864132
20.787815
18.039823
17.736250
20.766920
22.264464
13.117014
16.521451
23.427456
12.618704
21.110281
16.577193
13.081534
17.276539
19.192257
14.130186
16.370831
22.095379
12.802474
22.779011
19.055226
13.429067
23.679983
16.661564
14.473818
21.983796
17.945684
14.055078
19.659659
14.980116
15.758238
18.313844
16.735689
12.453859
21.217011
15.402601
12.660056
17.374183
19.598674
12.618163
17.058925
17.807061
12.510370
18.256895
20.763013
12.609398
19.066552
16.724685
17.463684
19.648176
22.665856
13.657068
21.195090
17.292129
12.447632
19.291211
15.223982
13.207186
22.363708
21.152302
12.417687
18.175185
21.039936
15.909966
17.714992
19.065941
19.277084
17.100983
17.319366
13.454382
17.091566
24.996846
17.854882
17.613447
20.041052
12.312332
17.961381
20.000867
16.625441
18.890385
16.874855
13.425515
22.421028
18.035935
13.029901
16.960669
16.179550
13.225866
21.579492
17.527687
15.084398
25.615055
15.735074
14.235323
18.543935
22.300446
12.296749
16.459581
16.094635
12.654948
17.326191
16.707855
18.830397
17.737445
18.150116
13.067757
14.615488
17.402470
12.851311
15.451476
16.732240
12.767746
18.426502
16.892578
14.642926
18.246712
20.133745
12.617414
23.631108
23.952659
12.448705
21.449150
17.600758
17.863950
22.483346
18.664363
12.192988
16.245883
20.102879
11.699062
16.165070
15.651646
11.354989
18.890154
19.394135
11.355154
15.236457
16.465173
11.005181
14.768821
16.758546
11.855700
17.502053
15.516544
14.566540
14.732110
20.369075
10.429189
18.844577
15.793334
10.503128
15.890542
14.671266
14.084229
15.151686
13.216450
10.886551
20.025804
15.401908
21.590441
13.886516
21.245083
10.748360
15.811028
14.242458
10.431055
12.602811
17.574467
14.314004
15.150740
15.025296
16.328755
12.412404
9.762898
14.708409
19.070048
15.040719
10.170632
19.919122
14.800640
