18.477696
18.141548
21.177570
22.556638
16.616420
17.800224
20.611601
21.963222
18.581489
17.584276
19.479384
14.672060
20.132842
16.176794
16.257750
18.600305
12.959688
19.309372
20.035649
17.336499
27.296505
18.407449
24.623507
23.232315
17.534432
14.983689
19.472471
19.489449
16.191744
19.106675
18.631701
20.697539
19.853685
19.575100
16.203840
21.779307
22.907812
16.330069
16.382755
16.869440
18.667555
17.403252
18.855678
17.106326
16.721307
19.997628
16.157629
19.441034
21.933799
14.826094
18.466142
20.805183
17.438345
18.520646
14.948046
20.450180
18.656711
20.539373
16.566839
17.452251
18.563683
15.989052
19.223365
18.135883
16.515258
18.333616
18.422503
17.159563
17.794145
20.939112
17.563455
20.584751
16.372454
18.439675
20.432766
21.726868
17.189926
20.411176
18.868645
14.675765
20.159167
18.091600
20.112305
18.550282
18.711313
18.094055
16.200478
19.802524
16.824602
20.491341
22.401707
14.163456
21.056500
16.945216
21.822178
18.552504
19.204458
23.840436
17.838709
20.949917
24.221005
16.164361
17.638658
17.813431
16.771025
18.299556
19.394391
19.734552
19.594290
23.776630
16.875124
17.685009
16.464668
18.105137
23.660499
16.413436
15.106978
18.670138
16.217310
17.364615
24.790585
15.619178
27.867120
16.974306
17.257223
20.056062
20.494674
16.557466
16.259568
20.315409
21.795534
21.423185
14.993361
15.523924
17.051038
20.253465
16.092945
19.121361
24.243129
18.378372
17.604012
16.475772
19.220994
21.532463
18.034726
24.786634
14.264461
16.792252
16.703244
17.402338
20.267643
18.627240
18.160369
18.812071
17.305412
18.493723
19.670639
17.996016
16.767456
16.053646
22.014932
18.490238
18.167995
19.702277
17.992476
18.486699
17.990220
22.842818
19.084809
15.946768
16.092846
17.998753
17.393904
16.244801
19.081305
16.855528
18.330239
26.214138
16.577025
15.754526
23.340936
28.122294
15.696108
21.655176
14.805913
18.356674
24.725292
15.582980
17.919793
19.241514
17.459694
16.129960
16.940523
21.909379
16.887236
19.301509
16.010540
16.656959
17.509589
21.304515
18.415401
17.965089
22.790601
21.596876
17.847189
17.510115
13.295564
20.087566
15.202773
15.434998
17.493389
14.748732
16.877997
17.723360
20.949849
18.599301
17.512522
13.928633
14.305368
16.183856
13.218076
14.731034
17.421639
19.832570
17.745197
19.785484
13.732461
13.379645
16.564342
16.728971
15.455767
17.261159
16.255314
17.136819
16.714314
18.456842
17.079853
17.790065
14.570627
17.612182
17.626655
14.704264
13.620370
16.280421
16.026966
16.659250
15.589901
13.394400
24.148154
15.690336
14.533580
17.787945
20.565062
14.613317
14.635081
15.972896
