17.892560
17.100323
18.262168
20.202825
20.235266
16.613617
13.660746
13.415166
21.564117
17.756346
12.768561
15.212119
18.094548
13.129227
16.358101
17.454673
17.387336
16.988574
18.162869
15.086338
20.991668
15.535312
13.643826
17.746958
16.825025
13.350863
18.453256
17.665404
13.054710
15.010964
17.412705
15.710985
16.008594
19.565415
13.805835
17.079632
16.040605
13.354588
17.370510
16.158927
13.083903
20.279806
17.961555
13.113442
21.963611
16.850420
14.335787
15.504747
16.957849
23.856843
16.996284
21.453619
15.453039
22.993816
19.493111
13.190944
16.170236
17.434740
12.940931
21.111765
18.309855
13.920334
18.837912
21.390696
13.201407
14.793378
18.573577
13.166805
18.062335
18.867737
13.249282
14.450435
19.238671
20.141566
18.593679
16.918958
13.255369
18.208981
17.880703
13.085784
16.625193
23.575131
15.494792
19.849004
17.335508
14.925889
20.333269
18.947360
13.492088
21.825512
20.009462
13.794018
15.634551
17.994307
14.595539
18.351923
16.614403
13.813809
22.177956
22.367299
13.691438
17.506135
16.052555
23.432151
15.275310
14.444806
13.534334
19.370293
23.780120
13.469458
17.050846
23.273536
13.157782
15.470364
24.711853
15.500922
20.500098
21.739545
14.508611
17.772138
18.456448
13.561466
19.547322
24.023838
14.195837
18.574704
20.136300
16.827068
18.298312
17.510901
13.886678
18.427198
20.584418
13.914373
18.240565
22.734513
14.705828
15.912459
20.510458
19.682182
16.806960
17.110567
13.630611
17.284343
18.873228
16.958942
15.880894
17.984860
13.216786
17.841013
17.578574
13.131402
21.405069
18.688995
13.250383
18.187575
18.549740
14.242254
15.945115
16.913060
19.360495
22.045852
20.651611
13.190586
16.717339
22.017235
13.227665
18.923131
16.267414
13.906346
18.287769
24.057399
13.523601
14.528435
20.311621
13.959441
13.690065
18.627039
12.533784
16.042956
20.299126
17.443162
15.929502
23.058934
12.909648
16.026397
23.198518
12.973667
16.040070
18.450130
13.302007
20.537934
18.495058
12.835479
16.009886
18.912530
15.505209
15.155563
20.201258
14.061701
17.208414
19.993574
12.438232
15.881595
22.432120
13.304879
19.354822
16.380563
12.047590
16.385713
19.927479
11.581767
15.725665
21.014628
12.521323
17.201669
15.854804
11.545316
18.734663
15.305555
10.984798
17.008508
16.861816
13.258435
13.187687
16.069706
13.390772
13.992815
22.652780
11.798368
15.745766
21.255054
13.703358
13.219083
20.175682
10.935842
17.715194
22.099471
12.185328
13.260306
16.341078
14.914795
15.047940
20.372190
12.354016
14.737682
18.874845
10.297030
18.114134
15.817265
12.652885
16.108528
13.261857
10.528561
15.198084
17.599054
