16.450271
17.623654
16.866399
22.677304
13.810053
21.344342
17.493497
19.611743
16.198050
19.555809
15.794746
20.989195
24.292723
21.962485
18.116583
14.405658
20.334291
18.468423
19.132434
16.246080
19.254516
12.986908
16.939640
19.148426
22.868765
16.807104
19.060738
16.031204
17.259091
18.338746
18.279918
14.169481
19.339193
14.257857
21.021270
14.964040
18.198722
17.531853
18.682445
16.864780
19.487859
18.123802
17.713404
15.633659
24.310269
14.503109
17.581698
18.949186
14.522414
18.962872
17.253044
21.834205
15.766569
17.393673
17.838441
18.654041
17.203373
17.551486
16.888167
18.741700
23.918560
18.075762
16.904968
19.661101
16.773847
15.051037
15.510224
14.982507
20.325138
15.426312
20.126902
16.684203
16.028318
17.015689
16.082704
19.062984
21.085769
17.376774
15.638436
15.647872
23.811115
16.600081
17.950503
18.397636
18.405029
17.152647
19.362755
15.970214
16.078857
19.817687
17.695942
17.519930
19.920767
16.609533
14.468645
25.119305
16.499545
15.476002
20.620514
17.641502
19.164803
19.973797
14.962644
17.115165
17.397318
19.204424
16.534711
16.319195
22.210786
15.552219
19.573370
17.245977
14.704741
19.367339
16.833687
16.580317
19.863972
16.831704
16.184395
19.950827
17.067792
16.961173
17.237216
15.812338
23.929148
20.200595
19.217754
16.256986
18.005213
18.191397
15.987606
21.974494
23.533615
17.474638
22.047222
21.449420
20.045690
17.869768
21.929000
23.940443
18.191513
14.524817
15.628754
18.386384
20.921896
17.118728
17.857267
15.230874
22.057228
20.664597
21.781178
14.882676
18.732013
17.520296
18.460725
17.449109
15.954982
22.405639
19.652850
17.290170
15.612838
19.131620
18.397843
18.680744
22.237890
17.632984
18.626832
18.115286
15.826418
19.757326
18.471227
15.790132
17.716855
18.427535
16.672437
19.931254
18.769666
17.250011
18.205454
16.993260
16.579809
16.009894
15.604016
17.610801
22.188052
19.057153
17.497636
27.264927
19.472839
17.852218
16.099564
23.362430
18.010661
17.524104
23.666087
17.424198
17.477226
19.141345
23.357069
16.155618
15.672755
16.861766
16.771200
19.339239
21.930923
19.949907
16.985091
14.163253
14.528001
23.909509
15.699569
15.272914
14.337816
18.080455
14.077021
20.212448
21.167058
20.902237
18.519796
15.744330
17.653939
15.338369
17.532902
17.201200
15.361245
18.192285
13.125027
21.320509
19.611106
16.592239
15.317459
13.958189
16.773420
18.272684
11.728547
13.703008
21.583727
22.093967
13.313118
17.523504
17.070075
14.031967
18.403359
13.242388
16.516637
20.942772
24.480586
17.172411
15.624848
17.511762
15.077364
15.232741
20.975983
15.781764
15.084010
13.245332
14.577480
