15.619954
17.449926
20.948911
16.502936
18.935157
17.014983
14.293010
16.331689
26.074990
15.523225
20.495152
17.944373
13.461040
19.950940
16.679285
18.835195
18.000906
12.655142
15.834657
17.115425
15.589390
14.999823
23.742329
13.214636
13.875229
21.527170
17.093882
19.571827
20.285859
12.823059
13.056562
14.067524
16.157769
14.971680
13.080715
14.043813
13.285339
13.333749
19.577900
18.243020
15.620851
13.038231
14.772344
17.713682
21.614807
16.290619
17.022817
18.898716
15.654708
17.913099
18.167091
16.307172
16.580895
19.276383
14.407510
21.082442
16.943724
16.003708
15.304334
17.215054
22.180808
23.692950
23.556578
16.248961
17.674741
17.625158
18.865395
19.540607
18.704124
15.262591
20.040361
16.433098
16.439621
18.042435
23.014607
21.406873
17.456742
21.704674
16.912334
17.568712
20.982624
23.102805
14.347842
16.665294
17.781627
15.973610
20.908908
19.992230
18.211403
21.559479
21.898626
19.390525
18.742804
20.297870
18.831564
22.240530
20.441505
24.643567
16.708131
18.047004
17.182379
20.933343
15.668128
22.050224
17.367431
16.220367
15.971740
19.354190
19.348242
16.791527
17.976641
15.368606
18.245532
17.370644
17.701737
18.935089
17.133845
16.270462
21.423889
18.323650
17.457907
21.092097
19.580400
18.454806
25.371128
17.915638
16.606030
19.923520
22.553215
21.716042
14.453800
20.949898
17.363363
21.692783
16.563380
14.096616
20.801693
23.609816
16.463669
21.894441
19.280943
16.624017
23.756648
15.657170
16.968553
18.110690
20.454588
17.566071
18.041987
17.984206
16.779229
19.263491
22.661431
26.894629
19.048459
23.634307
20.814963
21.385854
17.284594
21.216592
17.837447
16.646787
16.709558
17.583853
18.080447
17.897681
19.351203
19.020669
17.282189
17.610826
16.371459
17.986807
21.457472
17.331496
14.913513
16.527607
24.259586
21.190677
21.780632
19.950250
17.250041
17.425011
18.879518
17.804402
20.774651
21.454791
20.025603
23.309761
18.774098
18.684213
17.693135
16.519996
14.250241
18.261312
16.311430
19.469722
19.581955
14.372672
16.528403
19.766246
17.961327
18.807813
13.645560
18.859829
12.008381
19.277006
17.062416
13.847290
15.322228
15.810936
14.864926
18.339290
16.536925
17.738764
14.823405
15.168968
19.220817
15.516623
19.462170
19.217454
11.426728
15.570929
17.083209
20.871883
22.935475
15.855961
18.957639
16.630138
15.754911
11.056426
19.222996
16.599907
13.461900
15.317671
14.412514
17.577994
14.858514
15.040791
15.349939
16.003927
12.244879
15.528079
16.952249
13.618338
14.387414
14.370111
14.748394
16.402993
14.513161
14.566991
17.978154
15.553986
