15.766446
16.758571
23.240294
19.142524
17.154527
22.340986
16.408007
15.875601
17.104744
24.490349
18.091783
21.640130
24.247572
20.642465
14.941063
16.985238
14.664861
15.189044
22.357513
20.410856
15.840089
16.375658
20.257044
20.355982
16.265262
16.649313
18.997574
19.863195
16.274635
22.638660
24.040727
17.245343
27.585360
18.060148
15.133801
18.301030
13.620130
21.475453
16.667115
17.752342
15.435468
16.592454
20.064054
14.579939
14.342884
17.867148
14.475271
16.237203
14.170315
17.764230
19.590577
18.947887
19.887896
21.782440
15.970543
13.487646
18.194504
18.098955
16.865687
17.158438
16.257667
16.092337
20.981868
16.601043
13.520121
17.999713
17.137043
16.535869
16.533719
21.164179
13.969385
16.425845
18.651183
16.680768
19.589052
19.275393
16.110701
17.550750
16.754924
15.069085
17.307429
17.390588
21.191618
21.475172
19.147022
16.955439
20.452338
17.413301
17.263767
17.391173
17.799575
17.659725
17.909239
24.026791
15.420885
23.022957
19.237448
15.977224
16.586669
17.259356
16.774092
18.737968
18.318668
16.141949
15.866810
22.911536
15.826993
17.742853
17.606684
17.051710
18.928686
23.156481
15.727096
20.354259
19.516872
21.529583
18.515175
18.792432
16.216878
17.263907
20.202979
20.783394
17.839331
16.926874
15.071594
16.171993
17.610194
17.757313
18.417449
20.008919
14.645851
22.867224
23.356803
19.951307
23.435560
23.859185
17.682703
17.490744
18.273779
17.145941
18.954224
16.027980
14.876660
21.413939
19.272762
14.099637
21.491041
26.386890
22.044840
21.022942
18.075765
17.348174
17.911402
24.157010
20.107261
18.187047
18.651811
15.692661
19.029263
23.919871
15.965538
15.601069
15.959307
20.202088
13.923151
18.965671
15.559721
20.198823
18.370711
16.543738
17.011471
17.207074
17.158969
19.653136
22.190536
21.155038
16.906232
25.623154
22.258649
24.857164
16.762050
13.052658
17.995965
18.269858
15.644187
20.247843
20.524567
20.908894
18.315562
17.070758
15.539843
17.254973
24.054539
18.427212
18.145397
18.077870
17.773348
17.171524
15.194868
13.439375
16.875345
17.659788
13.959496
17.554717
18.169530
14.597756
16.715972
19.014656
18.091611
16.042423
19.204519
14.213128
20.749999
16.631269
14.334674
22.757503
20.235608
13.657038
18.072511
16.110208
15.383823
16.446848
13.576793
11.644220
15.204764
14.000822
15.572088
14.409577
16.055962
13.733996
14.154297
15.800047
13.243467
13.820139
16.371123
14.373508
18.465697
18.956110
14.737201
16.083744
16.164195
17.589479
16.810427
15.519394
11.721275
18.703541
14.877178
17.987131
15.569404
15.666857
13.936923
15.338747
15.257380
18.637248
14.532126
